75.60
68.00
78.80
85.60
68.80
77.20
84.00
76.00
88.00
72.80
72.40
89.20
76.80
79.60
73.20
74.80
80.80
74.40
74.80
79.20
80.40
85.20
83.20
81.60
82.80
86.00
73.60
92.80
83.20
78.80
83.20
77.20
82.40
82.40
82.00
78.40
81.60
78.00
62.40
82.00
86.00
82.40
77.60
79.60
91.60
82.80
91.20
78.80
74.80
76.80
85.20
76.40
70.40
88.40
86.40
67.20
68.80
79.20
72.40
68.80
75.60
87.60
72.00
83.20
81.60
84.80
90.00
75.20
85.20
81.20
71.60
83.60
80.00
84.00
83.20
73.20
65.20
75.60
80.00
81.60
85.20
71.20
76.00
66.00
89.60
69.60
81.60
63.20
76.00
79.20
83.20
