6 4 0 10 5
5 12 1 11 8
10 9 12 14 2
3 0 9 15 4
8 15 12 5 13
13 3 11 8 7
10 5 8 2 4
3 13 12 8 0
0 6 7 15 8
13 5 9 14 11
4 0 12 6 7
11 2 10 1 9
13 11 9 0 4
3 6 9 2 13
13 1 9 7 10
3 0 8 10 11
15 3 2 6 8
12 8 15 11 1
14 13 3 6 8
0 15 2 4 14
4 13 10 7 14
10 1 15 8 14
6 2 15 3 5
14 3 2 11 8
12 6 9 2 0
8 10 0 2 15
9 14 8 0 13
10 9 11 4 2
12 1 6 10 15
6 13 5 9 2
8 14 7 4 6
1 12 11 9 13
1 3 9 7 8
1 11 2 6 10
3 12 2 6 8
5 2 13 4 1
6 0 1 11 9
10 0 3 13 9
8 7 12 13 11
12 11 3 2 14
9 10 14 4 0
6 10 14 5 15
8 15 7 10 5
3 14 13 0 1
14 9 4 7 15
2 4 11 1 10
7 9 1 10 11
12 6 4 13 9
8 6 9 5 1
3 4 10 12 13
15 2 13 6 3
4 12 1 9 10
8 5 9 12 0
15 3 7 10 2
7 1 14 8 15
8 14 12 0 11
8 13 5 4 7
11 13 7 14 0
8 6 5 3 11
9 6 11 13 15
14 2 11 4 0
3 1 10 8 7
13 12 1 2 9
11 14 13 3 2
13 9 2 5 10
9 8 2 4 10
15 3 8 7 9
9 15 5 0 14
4 9 13 3 7
8 3 11 15 1
3 11 14 2 12
1 2 15 14 12
7 6 5 14 11
5 15 0 11 3
7 1 14 10 5
13 4 5 3 2
11 4 13 5 6
0 5 12 2 3
0 11 10 1 9
10 15 12 11 4
13 9 3 15 1
14 0 11 12 2
5 7 11 6 8
6 8 1 12 11
5 1 7 2 4
11 8 7 14 5
6 12 8 2 7
0 13 14 8 11
14 13 8 1 7
0 13 1 14 8
2 7 6 14 8
