3867 3915 4001 3876 3941 2497 2687 2511 2848 2407 258 47 433 471 364 6362 6022 6391 6397 6258 3560 3021 3092 3538 3333
3342 3544 3038 3524 3112 7516 7305 7451 7266 7269 783 987 727 918 966 7067 6872 7166 6849 6680 5270 5036 5003 5039 4801
6248 6251 6415 6229 6173 5824 5672 5719 5805 5687 7635 7211 7709 7754 7703 8914 8721 8699 8632 8684 1621 1769 1338 1640 1653
1998 2004 2184 2305 2230 444 437 171 322 326 5761 5550 5859 5836 5576 9169 9397 9125 9515 9009 2799 2424 2546 2544 2889
5319 5365 5398 5067 4992 9275 9054 9519 9154 9311 7770 7793 7687 7284 7731 3297 3516 3304 3118 3502 8317 8172 8092 7850 8143
8156 8384 8005 8348 8289 2147 2052 2360 1922 2226 6992 6845 6872 6934 7023 4888 5253 5143 5232 5336 4434 4423 4745 4542 4408
6246 6088 6071 6077 6383 3115 3456 3271 3458 3294 5209 5368 5260 5140 5300 1367 1599 1204 1376 1660 2570 2564 2679 2869 2592
2354 2074 2038 1930 2365 8168 7997 7838 7870 7923 7386 7233 7417 7724 7599 5266 5003 4939 4849 5349 358 425 21 182 224
362 242 161 588 304 3904 4056 3617 3958 3620 4247 4736 4349 4525 4437 9424 9547 9555 9288 9436 5347 5193 4941 5276 5025
8199 8089 7851 8041 7831 3201 3259 3106 3288 3146 5490 5639 5875 5636 5819 8982 8605 8903 8651 8561 6708 7088 7035 6646 6927
2687 2455 2710 2716 2696 535 427 529 262 234 7328 7493 7341 7252 7293 3790 3901 3934 3730 4182 4708 4605 4657 4232 4234
7138 6879 6620 6748 6986 1746 1463 1642 1644 1755 6583 6387 6496 6140 6175 792 929 1038 948 866 5579 5458 5855 5944 5882
8103 8013 8017 7970 8290 6937 6721 7134 6805 7198 5921 5629 5930 5487 5871 188 150 367 289 273 2728 2633 2814 2792 2450
2235 2186 1860 1934 2209 4153 3713 3925 3854 3902 5553 5835 5706 5536 5866 1509 1412 1287 1246 1262 8227 8056 8109 8217 8272
8201 8265 8210 8028 8088 1058 663 897 627 953 5507 5553 5642 5505 5822 4587 4594 4543 4406 4252 6096 6519 6229 6263 6193
2212 2265 2311 1854 2148 199 146 428 344 114 5097 4956 5341 5035 5038 6411 6364 6030 6190 6125 6719 6765 6781 6958 7079
9233 9304 9398 9385 9394 2227 2017 1842 2309 2317 1726 1297 1671 1687 1712 4009 4118 3764 3610 3632 4857 4924 5053 5129 5221
7451 7721 7357 7532 7728 5196 5013 5118 4852 5127 9151 9447 9007 9205 9581 6828 7054 6776 6670 7122 1051 976 1076 685 851
8656 8455 8714 8845 8956 8152 8114 8253 8283 7822 1822 2239 2281 2308 2028 3740 3679 3604 3863 3686 5314 5337 4978 5228 5292
425 394 267 407 26 9172 9081 9013 9436 9557 1773 1357 1689 1756 1721 2861 2941 2993 2747 2666 8918 8821 8929 8630 8736
2898 2717 2559 2798 2789 8016 8206 8078 8298 8137 6279 6519 6266 6078 6536 4214 4474 4616 4605 4372 8827 8576 8943 8686 8965
6275 6475 6159 6136 6056 903 1156 1007 1048 911 9034 9237 9062 9549 9472 5342 4996 5018 4831 4818 8663 8847 8517 8665 8588
3819 3948 3985 4153 3656 1437 1662 1359 1735 1416 9347 9300 9104 9418 9023 1873 2269 2094 2196 1909 3169 3544 3583 3026 3231
8607 8699 8761 8710 8788 2294 2199 1932 2360 1939 1273 1765 1287 1544 1444 6685 6766 7164 6961 6748 5162 4855 5302 5129 5120
7797 7462 7535 7366 7444 3650 3803 3818 3655 3934 5941 5728 5558 5590 5977 1249 1680 1783 1616 1617 520 571 421 69 556
4862 5030 4921 4994 4835 6580 6111 6156 6362 6018 579 488 330 84 580 1483 1337 1514 1220 1517 9473 9254 9550 9450 9027
5661 5859 5631 5667 5596 8743 8846 8425 8702 8832 4976 5158 4956 4929 5294 490 281 47 371 181 8155 8382 8351 8363 8373
6345 6469 6484 6191 6136 5627 5593 5628 5572 5905 7059 6796 7070 6923 7133 2877 2485 2907 2958 2487 1470 1219 1535 1732 1416
7683 7464 7306 7468 7281 823 689 922 866 701 3820 3665 3956 4077 4181 6040 6478 6270 6134 6589 9052 9552 9171 9369 9265
4033 3702 4116 3964 3688 8353 8029 8057 7974 8296 3074 3369 3335 3002 3206 5442 5664 5647 5487 5449 1493 1705 1240 1495 1606
5287 4866 5117 5297 5026 8408 8578 8459 8650 8612 4453 4571 4574 4477 4350 2676 2636 2478 2779 2846 3612 3771 3730 4130 3908
1166 950 959 928 615 7239 7332 7599 7785 7741 7012 6745 7024 6952 6778 5878 5922 5409 5638 5525 8326 8061 8176 8368 7888
909 876 787 647 665 1853 2392 1888 2347 1935 5407 5755 5687 5546 5436 4460 4327 4483 4606 4268 5007 5233 5018 4917 4935
896 611 704 1190 1100 6608 7017 7125 7014 6902 1724 1278 1464 1598 1413 4077 3941 3891 4122 3947 6551 6203 6575 6249 6312
2129 1843 2278 2269 2018 7324 7327 7615 7421 7758 1719 1400 1479 1623 1211 3753 4014 3766 3801 3690 5073 4910 5306 5161 5141
3328 3313 3227 3090 3428 1616 1535 1333 1454 1610 7829 8301 8032 8042 8044 2614 2745 2996 2744 2526 760 677 683 781 720
4006 3650 4186 3857 3945 465 147 128 413 436 704 886 689 1165 1121 6897 6903 7082 7073 6700 5417 5733 5716 5424 5906
6212 6235 6011 6538 6083 272 163 503 104 399 2287 1807 2249 1916 1942 8110 7862 8335 8192 8148 5652 5704 5447 5805 5671
5157 4931 4979 5135 5334 4265 4705 4416 4494 4371 7475 7350 7734 7339 7348 8345 8087 8255 8360 8041 7156 7168 6737 6949 6866
7391 7436 7416 7287 7307 6721 6997 7030 6783 6713 1855 1984 2258 2077 1947 1693 1470 1648 1265 1404 8892 8853 8511 8990 8694
5488 5948 5731 5980 5555 6562 6256 6260 6120 6490 8400 8950 8418 8716 8500 2751 2605 2485 2743 2922 365 13 172 188 277
3708 3735 3612 3799 3969 6379 6115 6311 6018 6207 8820 8451 8428 8858 8552 3288 3060 3530 3006 3055 9284 9362 9576 9053 9422
4897 4838 4996 5208 5212 9563 9364 9189 9432 9074 4781 4440 4739 4391 4552 6382 6038 6150 6245 6125 3036 3559 3317 3522 3160
1840 1983 2040 1940 2382 8581 8925 8768 8815 8509 8352 8315 8216 7960 7873 55 86 498 490 408 1026 1007 1196 654 643
8644 8560 8991 8955 8788 5755 5439 5982 5828 5851 2473 2709 2753 2602 2474 4482 4352 4720 4679 4784 9366 9417 9461 9073 9039
1644 1508 1684 1779 1200 2626 2576 2776 2967 2694 6792 7032 6742 6925 6984 1045 744 938 624 1090 6049 6167 6509 6504 6043
4294 4748 4298 4240 4557 5928 5410 5427 5521 5652 991 601 679 933 1061 6478 6408 6040 6449 6316 6979 7098 6829 6651 6944
7378 7725 7521 7464 7291 4091 3925 4198 3960 3996 2631 2899 2677 2829 2820 8040 8143 7862 8144 8204 5518 5717 5517 5536 5877
5345 5228 4852 4919 4835 3622 4140 4075 4044 3647 5418 5958 5496 5776 5616 3096 3441 3095 3234 3041 681 900 1012 1002 1085
2025 2337 2053 2052 2219 2800 2658 2412 2983 2858 6525 6204 6404 6125 6426 7773 7396 7484 7664 7389 8398 8217 7859 7900 8197
9510 9106 9294 9055 9245 1721 1349 1699 1315 1663 8060 8316 8083 7858 8315 3832 4132 3625 3872 4082 2286 1931 2295 2375 1919
2581 2473 2568 2691 2969 7667 7387 7479 7776 7586 891 867 995 964 1038 5726 5553 5828 5812 5612 6473 6127 6544 6113 6144
4852 4872 5332 5116 5364 3215 3583 3268 3350 3223 5683 5631 5759 5984 5723 7268 7291 7318 7753 7436 36 448 361 135 369
9448 9040 9499 9094 9366 2142 1948 2311 1821 2305 4214 4428 4317 4661 4238 6092 6197 6298 6443 6175 1760 1353 1658 1603 1429
4443 4227 4308 4780 4710 1185 1049 624 1149 760 8798 8644 8476 8496 8945 5104 5149 5001 5242 4920 9559 9136 9003 9134 9193
5092 4807 4823 4991 5354 8693 8912 8466 8484 8881 7591 7485 7495 7693 7615 199 103 333 105 513 6880 6931 7187 6947 7109
4811 4968 4994 5250 5309 8081 8329 7892 8312 8191 3246 3526 3544 3248 3404 2673 2957 2481 2721 2497 4564 4473 4373 4598 4471
7087 7082 7148 6608 7015 8265 8130 7982 7976 8040 4617 4296 4608 4389 4234 8928 8981 8758 8854 8496 139 279 32 462 291
4844 4843 5044 4997 5211 3789 4069 3998 3798 4011 3171 3388 3201 3187 3370 2368 2212 2074 1876 1860 6979 6819 7143 7010 7086
5744 5659 5499 5416 5959 4177 4175 3765 4133 4019 7157 7103 6653 6614 7084 7835 8048 8060 8227 8154 9354 9492 9053 9116 9255
8705 8699 8468 8714 8710 1499 1760 1202 1581 1396 6636 7156 6878 6847 6703 2459 2573 2890 2954 2659 72 371 420 262 21
1933 1954 1941 2359 2279 605 630 911 806 924 6536 6039 6588 6179 6555 4991 4874 4974 5086 4894 4404 4335 4360 4674 4646
8395 8162 8376 8338 7941 7755 7250 7285 7475 7499 680 725 927 985 788 1295 1703 1233 1607 1245 5656 5761 5845 5698 5585
7030 6798 7126 6748 6792 8890 8445 8559 8597 8718 7818 8276 8121 8173 8218 2317 2398 1961 1853 2236 1381 1297 1337 1409 1583
7835 8164 7848 8124 8289 5563 5990 5870 5518 5420 1623 1278 1746 1363 1537 3555 3361 3572 3022 3323 6232 6230 6142 6592 6128
5824 5538 5914 5937 5504 5362 5189 5228 5355 4977 1320 1329 1615 1743 1688 2856 2582 2656 2991 2653 6455 6108 6506 6273 6130
9197 9453 9039 9543 9254 2327 2234 1949 1976 1996 5356 5136 5341 5270 5398 4511 4282 4544 4287 4495 5731 5480 5792 5973 5557
5632 5621 5768 5787 5995 9182 9495 9205 9145 9188 3031 3106 3572 3357 3177 405 478 363 461 494 8519 8720 8792 8507 8463
2895 2462 2711 2871 2973 5750 5669 5708 5551 5612 8307 7925 8085 7842 8063 1878 2180 1984 2101 2326 4666 4325 4569 4354 4710
5390 5225 5144 5235 5087 2068 2206 2093 1890 1844 7196 6689 6901 6958 7049 9370 9414 9159 9523 9051 957 632 710 871 1109
1803 2387 1819 2250 1880 6648 6639 6862 7148 6956 8559 8949 8740 8830 8946 1658 1737 1775 1334 1682 7352 7448 7392 7279 7450
1140 645 967 1002 1045 1316 1717 1710 1693 1613 9170 9581 9450 9193 9036 8539 8989 8807 8428 8934 7382 7329 7700 7351 7398
4250 4241 4261 4308 4687 4164 3773 4098 4195 3993 3598 3082 3581 3576 3578 8636 8947 8657 8952 8932 6611 6787 7173 7152 6617
3269 3280 3252 3062 3251 9540 9270 9112 9291 9315 170 33 410 301 235 6858 6735 7023 7084 6796 1938 1975 1889 2375 1805
4575 4299 4627 4306 4213 1081 937 901 1008 861 8837 8442 8929 8935 8702 6082 6575 6120 6183 6429 3211 3460 3412 3379 3177
8167 7912 7917 8298 7865 2900 2403 2536 2573 2687 3133 3153 3159 3227 3193 1841 2142 2000 2390 1941 1583 1505 1452 1283 1704
7054 6993 6974 7187 7048 2835 2719 2693 2853 2593 7999 7917 7931 8116 8019 3507 3178 3421 3005 3425 3759 3680 3842 3895 3764
5 462 253 416 485 3149 3213 3223 3146 3586 7425 7249 7269 7253 7420 1281 1238 1752 1285 1432 2096 1830 1817 2315 1819
321 307 108 542 363 6874 7155 7042 6657 6723 6310 6424 6182 6060 6490 707 1188 837 632 1115 5567 5641 5516 5421 5851
6555 6174 6165 6446 6456 9294 9568 9166 9485 9113 7579 7623 7504 7249 7441 6781 6934 7048 6860 6601 2558 2704 2470 2776 2646
8149 8279 8284 8263 8008 5783 5664 5708 5837 5544 2255 2209 1968 2215 2312 9164 9157 9200 9303 9269 684 614 1015 910 1059
8566 8420 8850 8521 8640 34 508 67 305 568 6852 7146 6967 7175 6818 7756 7442 7735 7709 7626 1312 1567 1655 1692 1777
3142 3545 3435 3168 3089 4681 4669 4730 4312 4657 7048 6816 6781 7008 7119 4094 4175 3996 3982 3881 5298 4872 5119 5101 5039
3808 4182 3957 3914 3933 5284 5378 5326 5094 5236 612 886 1167 607 639 7474 7288 7719 7229 7789 6922 6743 6761 6709 7108
3484 3451 3067 3077 3417 984 871 680 749 891 4265 4534 4213 4337 4561 1704 1382 1689 1352 1585 2690 2794 2414 2856 2689
6802 7054 6974 6946 6898 5381 4861 5016 5129 4895 4310 4327 4291 4408 4692 8763 8740 8536 8630 8618 3428 3135 3137 3399 3056
3982 3931 3818 3723 3959 7327 7497 7539 7417 7535 5253 5072 5372 5103 4993 1225 1210 1700 1686 1657 4365 4264 4666 4588 4459
181 161 585 50 356 7992 8151 8348 7864 7897 8401 8783 8816 8447 8471 5259 4859 5279 5300 4934 6890 6875 6744 7086 7104
8800 8416 8747 8622 8531 8222 8033 7948 8394 8215 5027 4993 5385 5360 5390 689 705 1122 1014 1011 4578 4792 4788 4676 4615
317 504 202 94 313 7808 8093 8242 8271 8368 679 1010 1074 827 620 8457 8797 8560 8753 8876 5039 5371 4843 5028 5168
1291 1327 1248 1523 1363 4508 4486 4216 4480 4242 3716 3830 3778 3624 4095 8854 8989 8692 8411 8757 5275 5305 5102 4981 5383
