0.558
0.424
0.462
0.378
0.422
0.354
0.438
0.53
0.412
0.43
0.366
0.336
0.472
0.228
0.32
0.142
0.218
0.376
0.212
0.232
0.348
0.77
0.83
0.708
0.794
0.804
0.734
0.378
0.412
0.354
0.43
0.458
0.518
0.5
0.432
0.466
0.524
0.378
0.402
0.396
0.74
0.662
0.742
0.744
0.772
0.652
0.728
0.77
0.774
0.742
0.746
0.668
0.706
0.802
0.824
0.658
0.774
0.752
0.876
0.8
0.692
0.764
0.748
0.782
0.748
0.84
0.734
0.732
0.65
0.712
0.778
0.72
0.774
0.692
0.754
0.682
0.81
0.742
0.7
0.724
0.75
0.774
0.83
0.682
0.636
0.76
0.748
0.786
0.786
0.77
0.666
0.798
0.81
0.806
0.8
0.848
0.704
0.79
0.818
0.792
0.812
0.724
0.742
0.774
0.82
0.844
0.824
0.738
0.852
0.926
0.744
0.808
0.874
0.814
0.874
0.812
0.83
0.85
0.748
0.786
0.762
0.684
0.806
0.788
0.902
0.834
0.692
0.84
0.824
0.818
0.792
0.798
0.762
0.832
0.834
0.856
0.86
0.842
0.822
0.802
0.75
0.864
0.848
0.83
0.758
0.938
0.758
0.8
0.774
0.676
0.78
0.766
0.774
0.792
0.848
0.76
0.656
0.844
0.71
0.748
0.806
0.822
0.67
0.73
0.82
0.856
0.746
0.846
0.894
0.884
0.74
0.802
0.742
0.768
0.788
0.87
0.84
0.736
0.662
0.64
0.718
0.82
0.868
0.728
0.82
0.636
0.682
0.83
0.702
0.75
0.7
0.804
0.746
0.76
0.808
0.744
0.814
0.782
0.852
0.722
0.824
0.658
0.64
0.706
0.768
0.824
0.876
0.722
0.824
0.69
0.706
0.57
0.772
0.784
0.814
0.852
0.798
0.838
0.866
0.68
0.634
0.702
0.774
0.77
0.864
0.834
0.822
0.72
0.754
0.684
0.792
0.668
0.706
0.658
0.82
0.818
0.722
0.79
0.712
0.74
0.768
0.864
0.798
0.744
0.764
0.672
0.676
0.782
0.752
0.786
0.736
0.708
0.798
0.728
0.716
0.82
0.632
0.76
0.744
0.854
0.776
0.646
0.834
0.796
0.8
0.744
0.774
0.652
0.758
0.754
0.668
0.714
0.794
0.84
0.838
0.712
0.82
0.588
0.794
0.796
0.83
0.748
0.744
0.838
0.74
0.644
0.788
0.67
0.862
0.71
0.854
0.83
0.826
0.602
0.808
0.734
0.786
0.18
0.7
0.75
0.83
0.65
0.62
0.76
0.59
0.76
0.66
0.74
0.81
0.77
0.736
0.712
0.644
0.792
0.732
0.664
0.716
0.86
0.704
0.852
0.736
0.76
0.844
0.656
0.836
0.84
0.732
0.856
0.764
0.764
0.772
0.688
0.776
0.648
0.66
0.724
0.748
0.66
0.636
0.68
0.672
0.712
0.704
0.78
0.804
0.824
0.812
0.708
0.744
0.676
0.628
0.84
0.636
0.68
0.844
0.892
0.776
0.832
0.74
0.716
0.8
0.736
0.72
0.688
0.768
0.72
0.68
0.76
0.696
0.84
0.836
0.68
0.764
0.7
0.668
0.68
0.812
0.804
0.64
0.712
0.732
0.74
0.712
0.804
0.72
0.796
0.772
0.8
0.84
0.788
0.792
0.792
0.588
0.68
0.812
0.8
0.832
0.844
0.7
0.736
0.796
0.684
0.728
0.836
0.788
0.804
0.612
0.764
0.648
0.764
0.724
0.792
0.808
0.844
0.712
0.848
0.68
0.828
0.82
0.696
