0.794
0.764
0.788
0.878
0.79
0.792
0.828
0.898
0.774
0.596
0.694
0.724
0.686
0.762
0.774
0.832
0.672
0.772
0.706
0.796
0.77
0.822
0.712
0.748
0.796
0.782
0.706
0.76
0.772
0.768
0.668
0.73
0.678
0.676
0.71
0.76
0.872
0.802
0.81
0.64
0.778
0.844
0.832
0.774
0.768
0.83
0.812
0.762
0.776
0.824
0.768
0.71
0.714
0.808
0.74
0.75
0.72
0.768
0.63
0.824
0.83
0.766
0.742
0.712
0.75
0.738
0.746
0.718
0.802
0.732
0.776
0.732
0.682
0.758
0.79
0.752
0.73
0.748
0.802
0.696
0.74
0.788
0.814
0.718
0.702
0.804
0.736
0.768
0.786
0.82
0.76
0.644
0.756
0.802
0.748
0.79
0.818
0.764
0.77
0.882
0.838
0.81
0.73
0.726
0.736
0.864
0.728
0.85
0.804
0.79
0.772
0.854
0.876
0.7
0.768
0.7
0.722
0.772
0.696
0.754
0.804
0.74
0.802
0.882
0.8
0.802
0.868
0.968
0.752
0.704
0.716
0.764
0.834
0.798
0.868
0.702
0.746
0.832
0.836
0.888
0.84
0.85
0.81
0.796
0.876
0.784
0.772
0.824
0.804
0.872
0.788
0.768
0.708
0.78
0.776
0.828
0.796
0.84
0.776
0.856
0.772
0.744
0.856
0.796
0.816
0.628
0.872
0.808
0.852
0.82
0.792
0.776
0.836
0.764
0.748
0.816
0.752
0.748
0.808
0.736
0.82
0.768
0.864
0.8
0.792
0.78
0.812
0.868
0.844
0.76
0.792
0.876
0.792
0.772
0.84
0.672
0.82
0.836
0.86
0.672
0.62
0.64
0.808
0.7
0.776
0.844
0.832
0.792
0.784
0.828
0.768
0.736
0.832
0.74
0.644
0.744
0.724
0.788
0.84
0.892
0.768
0.816
0.808
0.772
0.8
0.84
0.732
0.788
0.652
0.812
0.84
0.816
0.812
0.68
0.82
0.8
0.704
0.804
0.68
0.768
0.816
0.644
0.788
0.824
0.768
0.756
0.7
0.852
0.804
0.7
0.812
0.836
0.66
0.636
0.824
0.784
0.824
0.76
0.848
0.716
0.732
0.812
0.612
0.728
0.756
0.876
0.72
0.832
0.64
0.852
0.784
0.708
0.672
0.784
0.836
0.768
0.888
0.868
0.868
0.8
0.824
0.708
0.748
0.848
0.76
0.756
0.772
0.676
0.892
0.76
0.792
0.892
0.716
0.852
0.684
0.804
0.648
0.728
0.872
0.848
0.776
0.796
0.744
0.772
0.716
0.84
0.708
0.736
0.828
0.8
0.84
0.672
0.856
0.828
0.82
0.724
0.712
0.756
0.716
0.708
0.708
0.812
0.836
0.68
0.832
0.728
0.8
0.744
0.728
0.696
0.828
0.7
0.768
0.736
0.848
0.72
0.628
0.692
0.7
0.844
0.784
0.644
0.816
0.824
0.78
0.848
0.788
0.752
0.792
0.872
0.788
0.86
0.816
0.768
0.66
0.68
0.576
0.756
0.64
0.74
0.728
0.856
0.856
0.756
0.7
0.684
0.82
0.824
0.736
0.708
0.756
0.68
0.82
0.84
0.724
0.804
0.772
0.692
0.816
0.88
0.772
0.744
0.748
0.796
0.752
0.716
0.804
0.792
0.844
0.596
0.796
0.752
0.664
0.696
0.816
0.832
0.596
0.616
0.84
0.816
0.804
0.78
0.708
0.792
0.68
0.788
0.828
0.788
0.712
0.828
0.848
0.696
0.732
0.82
0.628
0.856
0.888
0.748
0.792
0.62
0.772
0.716
0.848
0.664
0.864
0.808
0.588
0.788
0.764
0.772
0.696
0.808
0.732
0.784
0.836
0.888
0.812
0.72
0.888
0.824
0.828
0.828
0.9
0.804
0.724
0.808
0.844
0.776
0.836
0.84
0.856
0.68
0.852
0.8
0.712
0.832
0.772
0.876
0.82
0.792
0.82
0.888
0.812
0.664
0.748
0.664
0.78
0.876
0.74
0.768
0.888
0.88
0.86
0.824
0.764
0.788
0.708
0.852
0.808
0.816
0.82
0.796
0.752
0.744
0.8
0.8
0.608
0.808
0.8
0.852
0.796
0.84
0.788
0.712
0.744
0.864
0.668
0.872
0.832
0.756
0.78
0.728
0.704
0.816
0.808
0.808
0.68
0.612
0.868
0.896
0.684
0.764
0.752
0.724
0.816
0.848
0.752
0.684
0.756
0.86
0.832
0.72
0.716
0.812
0.816
0.648
0.796
0.72
0.788
0.692
0.844
0.764
0.784
0.756
0.832
0.824
0.748
0.912
0.78
0.848
0.864
0.752
0.656
0.716
0.784
0.632
0.784
0.816
0.848
0.828
0.668
0.828
0.812
0.612
0.776
0.892
0.732
0.684
0.792
0.86
0.82
0.704
0.764
0.704
0.808
0.748
0.84
0.784
0.744
0.732
0.716
0.796
0.78
0.768
0.832
0.856
0.78
0.836
0.86
0.84
0.684
0.872
0.812
0.748
0.728
0.772
0.796
0.752
0.796
0.788
0.72
0.82
0.796
0.804
0.92
0.744
0.82
0.876
0.648
0.664
0.848
0.88
0.784
0.876
0.88
0.78
0.732
0.808
0.836
0.804
0.768
0.852
0.732
0.732
0.648
0.78
0.832
0.852
0.776
0.812
0.884
0.88
0.908
0.772
0.88
0.816
0.788
0.804
0.868
0.716
0.78
0.628
0.824
0.628
0.728
0.72
0.796
0.832
0.816
0.844
0.8
0.784
0.724
0.796
0.868
0.724
0.816
0.884
0.828
0.768
0.76
0.792
0.876
0.768
0.84
0.712
0.84
0.804
0.788
0.836
0.7
0.728
0.86
0.832
0.688
0.876
0.796
0.768
0.66
0.876
0.72
0.732
0.724
0.672
0.756
0.788
0.588
0.732
0.824
0.808
0.796
0.856
0.7
0.712
0.84
0.8
0.656
0.8
0.82
0.772
0.852
0.684
0.844
0.736
0.732
0.904
0.724
0.704
0.86
0.792
0.772
0.536
0.824
0.752
0.788
0.752
0.784
0.768
0.78
0.748
0.644
0.824
0.792
0.696
0.744
0.84
0.66
0.776
0.792
0.848
0.82
0.824
0.828
0.764
0.716
0.708
0.784
0.736
0.804
0.78
0.8
0.86
0.816
0.768
0.8
0.732
0.828
0.712
0.78
0.772
0.764
0.648
0.748
0.864
0.72
0.732
0.764
0.844
0.736
0.732
0.648
0.736
0.876
0.724
0.76
0.836
0.76
0.756
0.784
0.744
0.72
0.792
0.772
0.92
0.824
0.784
0.78
0.728
0.744
0.772
0.732
0.78
0.856
0.76
0.624
0.736
0.772
0.844
0.648
0.84
0.744
0.9
0.676
0.836
0.752
0.836
0.852
0.8
0.792
0.792
0.804
0.752
0.812
0.856
0.848
0.78
0.792
0.76
0.832
0.784
0.648
0.908
0.668
0.688
0.816
0.696
0.704
0.744
0.784
0.832
0.668
0.756
0.828
0.716
0.708
0.788
0.82
0.752
0.704
0.82
0.588
0.844
0.856
0.716
0.84
0.828
0.82
0.732
0.796
0.732
0.852
0.796
0.78
0.736
0.824
0.8
0.796
0.868
0.86
0.784
0.712
0.764
0.816
0.856
0.748
0.7
0.792
0.552
0.768
0.788
0.772
0.724
0.736
0.744
0.712
0.84
0.788
0.736
0.744
0.656
0.648
0.764
0.808
0.844
0.796
0.868
0.824
0.848
0.712
0.824
0.844
0.684
0.704
0.692
0.792
0.788
0.672
0.776
0.824
0.796
0.688
0.772
0.768
0.836
0.908
0.764
0.676
0.848
0.812
0.872
0.804
0.832
0.808
0.668
0.832
0.836
0.812
0.868
0.828
0.604
0.736
0.788
0.66
0.86
0.832
0.768
0.848
0.912
0.812
0.78
0.82
0.86
0.78
0.848
0.708
0.772
0.9
0.772
0.696
0.812
0.78
0.884
0.756
0.72
0.876
0.74
0.576
0.88
0.848
0.756
0.712
0.868
0.796
0.832
0.74
0.748
0.808
0.904
0.78
0.852
0.78
0.792
0.804
0.864
0.888
0.828
0.812
0.656
0.864
0.824
0.72
0.752
0.9
0.664
0.76
0.812
0.712
0.92
0.676
0.844
0.744
0.808
0.872
0.844
0.792
0.764
0.612
0.824
0.864
0.776
0.756
0.724
0.884
0.764
0.828
0.616
0.7
0.716
0.684
0.768
0.788
0.768
0.844
0.848
0.868
0.756
0.876
0.876
0.792
0.712
0.812
0.836
0.688
0.728
0.756
0.652
0.576
0.68
0.716
0.796
0.768
0.856
0.744
0.716
0.776
0.784
0.796
0.852
0.58
0.78
0.692
0.732
0.696
0.816
0.804
0.84
0.812
0.708
0.812
0.864
0.868
0.772
0.836
0.74
0.812
0.848
0.888
0.676
0.66
0.62
0.764
0.8
0.824
0.8
0.728
0.864
0.836
0.828
0.744
0.756
0.824
0.772
0.744
0.656
0.832
0.756
0.72
0.66
0.672
0.748
0.664
0.844
0.62
0.624
0.864
0.768
0.536
0.58
0.648
0.76
0.692
0.76
0.672
0.788
0.62
0.876
0.684
0.796
0.756
0.824
0.888
0.84
0.86
0.716
0.808
0.828
0.784
0.852
0.612
0.82
0.796
0.908
0.748
0.604
