0.796
0.6
0.796
0.784
0.868
0.76
0.84
0.776
0.756
0.784
0.88
0.844
0.856
0.64
0.824
0.86
0.696
0.872
0.78
0.848
0.764
0.816
0.752
0.604
0.824
0.864
0.772
0.8
0.824
0.76
0.748
0.796
0.732
0.776
0.88
0.796
0.9
0.76
0.776
0.808
0.788
0.752
0.796
0.8
0.784
0.776
0.812
0.856
0.772
0.836
0.828
0.692
0.708
0.792
0.712
0.804
0.784
0.784
0.848
0.856
0.82
0.884
0.812
0.868
0.796
0.756
0.664
0.768
0.74
0.84
0.792
0.828
0.892
0.748
0.728
0.792
0.848
0.76
0.796
0.736
0.712
0.824
0.692
0.836
0.844
0.86
0.924
0.556
0.78
0.804
0.912
0.808
0.668
0.864
0.772
0.892
0.776
0.788
0.688
0.844
0.868
0.824
0.772
0.792
0.764
0.876
0.744
0.884
0.776
0.708
0.892
0.616
0.788
0.82
0.704
0.844
0.772
0.828
0.656
0.904
0.8
0.756
0.816
0.74
0.672
0.7
0.724
0.82
0.668
0.86
0.796
0.888
0.82
0.812
0.772
0.664
0.676
0.82
0.592
0.896
0.812
0.684
0.864
0.844
0.92
0.856
0.704
0.756
0.736
0.808
0.78
0.712
0.704
0.772
0.884
0.816
0.848
0.876
0.88
0.748
0.728
0.744
0.772
0.764
0.804
0.76
0.76
0.788
0.756
0.832
0.78
0.748
0.78
0.78
0.86
0.8
0.848
0.856
0.764
0.82
0.66
0.76
0.756
0.864
0.772
0.824
0.744
0.896
0.832
0.74
0.864
0.64
0.692
0.828
0.8
0.808
0.884
0.72
0.828
0.852
0.82
0.828
0.724
0.764
0.632
0.892
0.732
0.824
0.756
0.884
0.912
0.836
0.676
0.776
0.804
0.668
0.828
0.872
0.832
0.876
0.768
0.876
0.848
0.66
0.812
0.78
0.82
0.856
0.832
0.816
0.708
0.804
0.724
0.872
0.88
0.844
0.832
0.736
0.844
0.828
0.812
0.848
0.78
0.816
0.812
0.764
0.768
0.828
0.684
0.82
0.884
0.752
0.764
0.76
0.84
0.692
0.856
0.632
0.684
0.836
0.764
0.844
0.876
0.904
0.876
0.848
0.748
0.736
0.892
0.9
0.82
0.78
0.744
0.784
0.808
0.82
0.888
0.868
0.66
0.82
0.76
0.876
0.672
0.828
0.8
0.68
0.816
0.708
0.892
0.84
0.828
0.752
0.888
0.824
0.68
0.848
0.7
0.688
0.748
0.76
