0.696
0.696
0.664
0.64
0.716
0.672
0.716
0.716
0.72
0.652
0.6
0.648
0.72
0.66
0.712
0.652
0.664
0.636
0.78
0.736
0.744
0.788
0.756
0.772
0.772
0.772
0.708
0.76
0.732
0.748
0.708
0.752
0.732
0.72
0.736
0.78
0.712
0.712
0.756
0.752
0.724
0.8
0.732
0.588
0.732
0.708
0.76
0.728
0.6
0.784
0.688
0.688
0.74
0.78
0.736
0.708
0.736
0.688
0.792
0.744
0.712
0.732
0.72
0.76
0.768
0.568
0.824
0.744
0.768
0.736
0.748
0.752
0.812
0.768
0.732
0.74
0.748
0.748
0.712
0.744
0.768
0.752
0.74
0.792
0.848
0.76
0.744
0.736
0.744
0.7
0.752
0.716
0.712
0.844
0.648
0.78
0.76
0.744
0.824
0.916
0.828
0.772
0.692
0.808
0.756
0.852
0.784
0.744
0.784
0.696
0.74
0.776
0.82
0.692
0.764
0.72
0.78
0.816
0.712
0.856
0.708
0.792
0.756
0.732
0.892
0.836
0.708
0.812
0.712
0.764
0.592
0.768
0.748
0.656
0.592
0.908
0.656
0.72
0.752
0.764
0.768
0.7
0.672
0.82
0.748
0.716
0.732
0.804
0.744
0.732
0.76
0.76
0.784
0.744
0.68
0.752
0.804
0.68
0.764
0.78
0.696
0.732
0.736
0.792
0.756
0.712
0.844
0.832
0.716
0.788
0.744
0.74
0.792
0.756
0.784
0.804
0.632
0.712
0.8
0.708
0.716
0.752
0.764
0.8
0.648
0.8
0.748
0.732
0.7
0.788
0.76
0.596
0.788
0.904
0.7
0.74
0.816
0.692
0.724
0.728
0.828
0.816
0.864
0.752
0.712
0.708
0.736
0.772
0.72
0.864
0.76
0.764
0.752
0.736
0.712
0.8
0.808
0.728
0.796
0.736
0.84
0.808
0.684
0.728
0.68
0.716
0.744
0.82
0.78
0.828
0.764
0.736
0.824
0.524
0.756
0.848
0.836
0.82
0.796
0.74
0.692
0.836
0.9
0.792
0.908
0.764
0.644
0.728
0.712
0.848
0.556
0.792
0.732
0.808
0.852
0.808
0.784
0.792
0.72
0.836
0.708
0.724
0.788
0.832
0.78
0.708
0.86
0.844
0.716
0.752
0.784
0.756
0.888
0.64
0.556
0.604
0.56
0.584
0.568
0.62
0.644
0.588
0.744
0.844
0.668
0.752
0.76
0.724
0.768
0.708
0.58
0.856
0.74
0.84
0.74
0.72
0.784
0.74
0.832
0.756
0.716
0.708
0.808
0.74
0.82
0.776
0.856
0.76
0.668
0.812
0.792
0.86
0.724
0.828
0.832
0.78
0.844
0.784
0.816
0.768
0.688
0.828
0.708
0.896
0.588
0.68
0.78
0.76
0.792
0.676
0.852
0.708
0.76
0.756
0.728
0.832
0.772
0.672
0.764
0.848
0.78
0.808
0.74
0.532
0.668
0.716
0.648
0.756
0.672
0.564
0.748
0.804
0.88
0.924
0.84
0.76
0.964
0.82
0.84
0.836
0.888
0.8
0.812
0.524
0.716
0.692
0.82
0.808
0.764
0.708
0.696
0.876
0.748
0.816
0.776
0.66
0.86
0.764
0.832
0.828
0.644
0.756
0.672
0.8
0.828
0.844
0.696
0.836
0.792
0.872
0.744
0.8
0.512
0.84
0.844
0.816
0.804
0.812
0.796
0.764
0.684
0.724
0.84
0.852
0.732
0.88
0.528
0.8
0.716
0.732
0.804
0.68
0.768
0.82
0.7
0.74
0.72
0.9
0.648
0.516
0.688
0.552
0.608
0.688
0.756
0.7
0.596
0.776
0.808
0.608
0.824
0.688
0.68
0.816
0.832
0.828
0.628
0.796
0.724
0.84
0.816
0.844
0.768
0.796
0.712
0.788
0.664
0.776
0.716
0.724
0.712
0.844
0.704
0.616
0.556
0.744
0.784
0.624
0.748
0.76
0.832
0.696
0.84
0.736
0.744
0.74
0.724
0.752
0.756
0.728
0.704
0.856
0.76
0.876
0.78
0.908
0.764
0.892
0.84
0.852
0.84
0.792
0.776
0.836
0.816
0.848
0.844
0.74
0.644
0.844
0.8
0.768
0.728
0.764
0.596
0.708
0.804
0.868
0.836
0.688
0.712
0.8
0.848
0.688
0.804
0.716
0.74
0.724
0.864
0.84
0.72
0.824
0.78
0.74
0.692
0.7
0.832
0.668
0.744
0.82
0.672
0.788
0.708
0.664
0.788
0.72
0.86
0.796
0.744
0.76
0.78
0.804
0.72
0.772
0.62
0.748
0.816
0.852
0.816
0.696
0.684
0.716
0.744
0.584
0.804
0.644
0.724
0.808
0.704
0.804
0.792
0.78
0.812
0.76
0.704
0.748
0.668
0.736
0.788
0.74
0.672
0.788
0.672
0.804
0.864
0.808
0.696
0.78
0.74
0.84
0.88
0.824
0.728
0.876
0.696
0.728
0.688
0.692
0.696
0.728
0.736
0.732
0.728
0.728
0.728
0.728
0.74
0.724
0.732
0.732
0.74
0.736
0.728
0.732
0.732
0.736
0.736
0.728
0.728
0.728
0.732
0.728
0.724
0.724
0.724
0.72
0.736
0.74
0.724
0.752
0.74
0.752
0.728
0.716
0.72
0.724
0.728
0.732
0.728
0.724
0.732
0.736
0.748
0.728
0.732
0.728
0.732
0.744
0.728
0.748
0.724
0.716
0.72
0.752
0.716
0.748
0.748
0.712
0.724
0.748
0.732
0.736
0.78
0.804
0.856
0.66
0.752
0.836
0.716
0.796
0.804
0.856
0.764
0.916
0.828
0.828
0.692
0.784
0.828
0.904
0.688
0.764
0.784
0.676
0.856
0.68
0.74
0.704
0.716
0.824
0.68
0.864
0.784
0.76
0.804
0.816
0.86
0.708
0.848
0.684
0.836
0.86
0.828
0.728
0.724
0.736
0.784
0.84
0.828
0.668
0.768
0.796
0.848
0.72
0.704
0.748
0.888
0.888
0.832
0.876
0.88
0.836
0.752
0.868
0.684
0.788
0.66
0.752
0.848
0.872
0.788
0.792
0.72
0.82
0.832
0.78
0.72
0.708
0.84
0.844
0.768
0.74
0.7
0.832
0.828
0.7
0.836
0.728
0.78
0.7
0.804
0.708
0.776
0.832
0.892
0.916
0.808
0.712
0.66
0.876
0.856
0.668
0.856
0.792
0.824
0.828
0.748
0.86
0.844
0.74
0.788
0.736
0.724
0.708
0.84
0.736
0.696
0.792
0.724
0.744
0.744
0.696
0.704
0.624
0.852
0.716
0.692
0.696
0.72
0.856
0.692
0.72
0.704
0.876
0.72
0.872
0.688
0.892
0.884
0.784
0.76
0.748
0.712
0.788
0.76
0.8
0.848
0.768
0.736
0.72
0.876
0.788
0.864
0.832
0.812
0.724
0.764
0.808
0.844
0.744
0.788
0.772
0.688
0.76
0.92
0.696
0.836
0.676
0.892
0.608
0.76
0.676
0.636
0.68
0.784
0.82
0.708
0.724
0.852
0.712
0.752
0.78
0.776
0.784
0.824
0.804
0.796
0.744
0.808
0.628
0.892
0.82
0.868
0.812
0.668
0.832
0.68
0.784
0.716
0.796
0.72
0.784
0.884
0.64
0.796
0.776
0.812
0.884
0.84
0.764
0.82
0.784
0.796
0.772
0.772
0.78
0.636
0.648
0.732
0.62
0.816
0.748
0.656
0.696
0.636
0.808
0.728
0.74
0.68
0.768
0.672
0.824
0.724
0.664
0.776
0.796
0.836
0.836
0.712
0.74
0.828
0.924
0.588
0.776
0.8
0.64
0.852
0.744
0.888
0.788
0.82
0.756
0.744
0.792
0.7
0.836
0.864
0.828
0.7
0.8
0.848
0.804
0.852
0.884
0.744
0.812
0.784
0.712
0.72
0.784
0.716
0.744
0.788
0.716
0.748
0.848
0.668
0.736
0.796
0.66
0.808
0.912
0.856
0.884
0.828
0.748
0.864
0.68
0.628
0.536
0.704
0.744
0.828
0.692
0.876
0.72
0.764
0.76
0.84
0.876
0.796
0.824
0.772
0.84
0.716
0.804
0.788
0.888
0.856
0.636
0.64
0.768
0.8
0.768
0.628
0.712
0.74
0.656
0.792
0.748
0.772
0.644
0.672
0.784
0.824
0.796
0.768
0.788
0.86
0.728
0.78
0.66
0.756
