0.722
0.656
0.73
0.762
0.688
0.538
0.812
0.738
0.704
0.84
0.746
0.702
0.654
0.644
0.78
0.42
0.854
0.73
0.766
0.768
0.758
0.678
0.618
0.772
0.746
0.672
0.658
0.68
0.822
0.81
0.648
0.784
0.704
0.694
0.732
0.734
0.624
0.682
0.766
0.754
0.65
0.766
0.742
0.726
0.74
0.732
0.72
0.776
0.76
0.706
0.91
0.66
0.798
0.816
0.738
0.656
0.732
0.754
0.738
0.78
0.75
0.874
0.778
0.73
0.862
0.67
0.768
0.74
0.834
0.792
0.582
0.668
0.75
0.796
0.85
0.706
0.806
0.674
0.702
0.774
0.8
0.744
0.802
0.76
0.682
0.864
0.79
0.79
0.766
0.756
0.722
0.68
0.728
0.776
0.806
0.622
0.776
0.83
0.808
0.812
0.738
0.77
0.804
0.824
0.888
0.786
0.714
0.698
0.768
0.668
0.802
0.79
0.66
0.796
0.9
0.686
0.768
0.702
0.732
0.642
