0.788
0.77
0.818
0.66
0.918
0.768
0.794
0.736
0.79
0.832
0.788
0.82
0.778
0.796
0.802
0.738
0.768
0.806
0.784
0.64
0.728
0.858
0.844
0.85
0.75
0.832
0.788
0.778
0.872
0.814
0.716
0.752
0.782
0.704
0.766
0.82
0.78
0.824
0.806
0.858
0.782
0.81
0.676
0.596
0.794
0.752
0.788
0.7
0.742
0.912
0.812
0.834
0.742
0.826
0.718
0.768
0.812
0.844
0.798
0.898
0.862
0.832
0.854
0.702
0.742
0.72
0.848
0.8
0.726
0.678
0.9
0.826
0.868
0.824
0.792
0.756
0.846
0.66
0.772
0.788
0.692
0.776
0.89
0.796
0.718
0.854
0.808
0.702
0.828
0.818
0.802
0.858
0.75
0.79
0.692
0.764
0.712
0.782
0.76
0.868
0.788
0.796
0.814
0.824
0.81
0.814
0.74
0.81
0.856
0.894
0.794
0.81
0.782
0.642
0.752
0.802
0.792
0.79
0.72
0.85
0.718
0.792
0.886
0.67
0.824
0.746
0.846
0.776
0.79
0.852
0.636
0.786
0.796
0.666
0.806
0.796
0.79
0.786
0.834
0.65
0.88
0.77
0.682
0.792
0.786
0.796
0.652
0.838
0.81
0.852
0.868
0.746
0.846
0.664
0.85
0.814
0.732
0.832
0.802
0.904
0.754
0.722
0.79
0.626
0.682
0.846
0.842
0.696
0.828
0.868
0.82
0.706
0.9
0.67
0.76
0.756
0.78
0.806
0.838
0.852
0.8
0.816
0.698
0.834
0.602
0.87
0.762
0.81
0.868
0.654
0.732
0.786
0.852
0.838
0.8
0.66
0.72
0.792
0.686
0.784
0.78
0.742
0.736
0.776
0.682
0.778
0.81
0.756
0.886
0.702
0.752
0.816
0.75
0.842
0.832
0.722
0.87
0.728
0.74
0.826
0.78
0.798
0.716
0.778
0.822
0.752
0.814
0.668
0.686
0.77
0.684
0.776
0.662
0.816
0.856
0.79
0.792
0.882
0.842
0.828
0.84
0.706
0.748
0.694
0.78
0.782
0.85
0.776
0.838
0.764
0.792
0.698
0.734
0.876
0.8
0.706
0.79
0.762
0.766
0.79
0.848
0.81
0.706
0.83
0.86
0.696
0.742
0.776
0.764
0.82
0.764
0.768
0.792
0.862
0.724
0.916
0.77
0.722
0.67
0.69
0.718
0.798
0.8
0.824
0.774
0.766
0.714
0.78
0.798
0.742
0.836
0.854
0.74
0.634
0.806
0.688
0.836
0.81
0.9
0.77
0.746
0.728
0.618
0.732
0.814
0.724
0.712
0.68
0.776
0.748
0.724
0.724
0.728
0.7
0.736
0.752
0.704
0.724
0.728
0.836
0.656
0.7
0.888
0.732
0.648
0.688
0.732
0.772
0.708
0.744
0.796
0.748
0.708
0.768
0.68
0.808
0.696
0.732
0.58
0.692
0.792
0.776
0.884
0.752
0.74
0.768
0.824
0.64
0.76
0.82
0.868
0.776
0.652
0.652
0.716
0.76
0.688
0.796
0.836
0.808
0.808
0.852
0.76
0.844
0.672
0.78
0.712
0.848
0.724
0.824
0.732
0.848
0.888
0.844
0.76
0.916
0.824
0.792
0.708
0.624
0.752
0.716
0.692
0.804
0.612
0.708
0.676
0.816
0.756
0.772
0.792
0.744
0.772
0.788
0.68
0.692
0.824
0.844
0.752
0.756
0.78
0.672
0.816
0.612
0.716
0.84
0.872
0.864
0.772
0.708
0.844
0.704
0.76
0.752
0.752
0.784
0.868
0.64
0.916
0.696
0.74
0.772
0.656
0.864
0.732
0.724
0.68
0.648
0.744
0.896
0.852
0.664
0.82
0.812
0.692
0.776
0.668
0.648
0.784
0.712
0.7
0.708
0.908
0.832
0.752
