0.388
0.516
0.56
0.8
0.76
0.928
0.832
0.788
0.812
0.864
0.756
0.916
0.816
0.8
0.872
0.844
0.868
0.888
0.844
0.844
0.756
0.772
0.668
0.768
0.78
0.836
0.8
0.804
0.86
0.808
0.8
0.74
0.896
0.712
0.656
0.708
0.84
0.816
0.856
0.768
0.864
0.86
0.9
0.852
0.824
0.632
0.948
0.672
0.744
0.768
0.84
0.828
0.908
0.924
0.836
0.72
0.776
0.828
0.844
0.676
0.708
0.736
0.868
0.792
0.832
0.856
0.916
0.896
0.856
0.852
0.816
0.8
0.768
0.896
0.852
0.928
0.836
0.744
0.744
0.84
0.804
0.82
0.8
0.58
0.78
0.696
0.892
0.788
0.776
0.74
0.792
0.704
0.784
0.7
0.772
0.848
0.808
0.82
0.856
0.868
0.86
0.816
0.84
0.816
0.664
0.828
0.848
0.784
0.848
0.84
0.728
0.784
0.784
0.9
0.864
0.768
0.836
0.764
0.772
0.824
0.86
0.884
0.716
0.76
0.764
0.708
0.76
0.812
0.844
0.72
0.816
0.896
0.832
0.724
0.84
0.868
0.888
0.724
0.8
0.776
0.796
0.884
0.864
0.732
0.804
0.908
0.84
0.808
0.848
0.8
0.78
0.788
0.684
0.788
0.816
0.888
0.704
0.8
0.764
0.724
0.704
0.756
0.7
0.732
0.868
0.8
0.76
0.852
0.84
0.772
0.756
0.828
0.824
0.852
0.776
0.772
0.864
0.832
0.828
0.812
0.856
0.684
0.912
0.844
0.828
0.896
0.848
0.872
0.916
0.728
0.828
0.884
0.776
0.864
0.812
0.924
0.516
0.852
0.856
0.768
0.832
0.932
0.684
0.808
0.812
0.848
0.88
0.912
0.72
0.812
0.736
0.88
0.872
0.76
0.808
0.748
0.864
0.856
0.82
0.896
0.844
0.764
0.84
0.872
0.808
0.744
0.852
0.916
0.8
0.756
0.896
0.888
0.864
0.836
0.78
0.816
0.84
0.7
0.756
0.86
0.928
0.8
0.892
0.72
0.828
0.776
0.856
0.776
0.78
0.884
0.9
0.824
0.868
0.892
0.816
0.844
0.776
0.864
0.836
0.884
0.696
0.78
0.876
0.888
0.864
0.696
0.876
0.856
0.92
0.836
0.82
0.784
0.688
0.864
0.88
0.8
0.84
0.784
0.828
0.836
0.784
0.824
0.816
0.852
0.812
0.724
0.704
0.788
0.592
0.768
0.752
0.856
0.764
0.796
0.812
0.856
0.808
0.888
0.748
0.74
0.852
0.828
0.824
0.796
0.832
0.812
0.9
0.764
0.768
0.78
0.796
0.704
0.868
0.864
0.796
0.856
0.716
0.728
0.752
0.776
0.784
0.712
0.884
0.836
0.808
0.764
0.82
0.812
0.72
