0.66
0.768
0.716
0.808
0.812
0.84
0.728
0.712
0.728
0.62
0.752
0.688
0.752
0.692
0.816
0.756
0.712
0.752
0.812
0.828
0.728
0.764
0.776
0.828
0.696
0.728
0.796
0.864
0.804
0.728
0.776
0.796
0.712
0.768
0.716
0.78
0.62
0.824
0.712
0.816
0.76
0.808
0.624
0.76
0.68
0.892
0.764
0.828
0.716
0.688
0.72
0.764
0.824
0.712
0.58
0.8
0.82
0.64
0.784
0.644
0.664
0.744
0.804
0.832
0.844
0.68
0.756
0.776
0.82
0.824
0.78
0.688
0.684
0.736
0.824
0.744
0.78
0.844
0.772
0.748
0.704
0.816
0.768
0.736
0.744
0.732
0.824
0.696
0.748
0.724
0.836
0.692
0.7
0.644
0.744
0.768
0.684
0.74
0.708
0.796
