0.754
0.784
0.708
0.716
0.848
0.636
0.842
0.704
0.744
0.642
0.816
0.73
0.76
0.91
0.714
0.806
0.776
0.81
0.744
0.852
0.702
0.88
0.754
0.906
0.776
0.758
0.846
0.78
0.752
0.744
0.732
0.78
0.772
0.818
0.846
0.706
0.718
0.802
0.818
0.798
0.582
0.826
0.64
0.85
0.784
0.794
0.808
0.8
0.824
0.876
0.84
0.804
0.79
0.89
0.838
0.718
0.916
0.62
0.926
0.76
0.818
0.854
0.716
0.842
0.79
0.754
0.822
0.838
0.818
0.738
0.788
0.772
0.8
0.796
0.886
0.824
0.666
0.728
0.82
0.786
0.8
0.73
0.87
0.782
0.774
0.74
0.746
0.604
0.838
0.832
0.816
0.91
0.768
0.844
0.702
0.806
0.698
0.746
0.792
0.782
0.752
0.758
0.754
0.672
0.834
0.784
0.752
0.636
0.81
0.784
0.638
0.686
0.75
0.726
0.804
0.874
0.62
0.736
0.794
0.792
0.806
0.89
0.85
0.832
0.768
0.846
0.66
0.79
0.862
0.742
0.688
0.754
0.8
0.796
0.788
0.8
0.828
0.824
0.834
0.826
0.888
0.796
0.856
0.744
0.752
0.768
0.754
0.81
0.804
0.702
0.75
0.788
0.766
0.762
0.848
0.868
0.894
0.786
0.79
0.772
0.782
0.776
0.782
0.782
0.778
0.816
0.694
0.87
0.766
0.762
0.826
0.784
0.744
0.768
0.716
0.822
0.742
0.798
0.688
0.788
0.768
0.806
0.85
0.654
0.654
0.836
0.68
0.786
0.688
0.72
0.69
0.636
0.86
0.79
0.758
0.772
0.856
0.842
0.744
0.814
0.774
0.828
0.77
0.756
0.81
0.876
0.688
0.828
0.742
0.852
0.782
0.766
0.766
0.844
0.87
0.66
0.734
0.908
0.85
0.692
0.692
0.75
0.94
0.776
0.858
0.786
0.9
0.844
0.758
0.736
0.872
0.74
0.764
0.596
0.85
0.726
0.888
0.826
0.756
0.716
0.774
0.882
0.704
0.86
0.766
0.688
0.76
0.824
0.82
0.832
0.766
0.828
0.844
0.816
0.914
0.91
0.834
0.806
0.794
0.73
0.934
0.788
0.788
0.832
0.716
0.824
0.836
0.734
0.746
0.73
0.728
0.798
0.782
0.67
0.782
0.796
0.742
0.77
0.848
0.734
0.856
0.826
0.824
0.892
0.706
0.698
0.896
0.796
0.674
0.668
0.822
0.792
0.788
0.784
0.714
0.676
0.734
0.816
0.688
0.784
0.858
0.802
0.734
0.754
0.732
0.78
0.77
0.722
0.75
0.832
0.708
0.752
0.728
0.726
0.824
0.776
0.812
0.804
0.662
0.744
0.834
0.732
0.852
0.874
0.696
0.702
0.788
0.786
0.804
0.734
0.814
0.884
0.784
0.71
0.696
0.706
0.736
0.804
0.79
0.758
0.736
0.768
0.726
0.746
0.822
0.754
0.818
0.824
0.752
0.596
0.784
0.67
0.802
0.828
0.786
0.858
0.796
0.66
0.794
0.898
0.858
0.81
0.728
0.928
0.76
0.704
0.826
0.738
0.77
0.818
0.818
0.766
0.834
0.826
0.738
0.728
0.74
0.566
0.828
0.83
0.8
0.9
0.838
0.648
0.726
0.85
0.814
0.832
0.754
0.728
0.82
0.82
0.818
0.752
0.92
0.646
0.778
0.822
0.744
0.76
0.818
0.738
0.722
0.842
0.702
0.83
0.702
0.864
0.85
0.824
0.774
0.776
0.854
0.656
0.826
0.846
0.784
0.85
0.716
0.676
0.762
0.762
0.736
0.716
0.902
0.714
0.824
0.802
0.826
0.856
0.754
0.756
0.79
0.802
0.806
0.778
0.768
0.846
0.766
0.714
0.748
0.774
0.724
0.744
0.876
0.682
0.9
0.746
0.802
0.812
0.8
0.784
0.66
0.852
0.826
0.684
0.726
0.734
0.77
0.812
0.784
0.846
0.846
0.784
0.88
0.774
0.8
0.778
0.796
0.764
0.84
0.84
0.686
0.75
0.714
0.568
0.808
0.88
0.708
0.762
0.744
0.76
0.772
0.738
0.852
0.81
0.828
0.784
0.818
0.8
0.836
0.856
0.728
0.744
0.726
0.802
0.748
0.772
0.852
0.74
0.836
0.664
0.75
0.784
0.7
0.806
0.818
0.856
0.78
0.72
0.844
0.734
0.824
0.702
0.824
0.822
0.844
0.716
0.694
0.728
0.862
0.904
0.786
0.708
0.792
0.782
0.76
0.714
0.836
0.754
0.812
0.712
0.762
0.802
0.77
0.842
0.8
0.738
0.714
0.774
0.916
0.888
0.854
0.634
0.798
0.832
0.902
0.676
0.852
0.712
0.872
0.812
0.83
0.862
0.862
0.816
0.82
0.826
0.752
0.764
0.846
0.9
0.744
0.8
0.788
0.792
0.834
0.754
0.79
0.702
0.796
0.796
0.662
0.87
0.808
0.808
0.788
0.778
0.782
0.6
0.776
0.684
0.77
0.81
0.646
0.742
0.788
0.824
0.762
0.872
0.722
0.696
0.814
0.702
0.726
0.71
0.744
0.702
0.766
0.864
0.824
0.76
0.724
0.724
0.8
0.814
0.87
0.796
0.848
0.81
0.888
0.83
0.838
0.754
0.682
0.822
0.678
0.704
0.862
0.734
0.898
0.83
0.728
0.81
0.802
0.814
0.772
0.85
0.778
0.856
0.864
0.882
0.828
0.716
0.778
0.748
0.834
0.8
0.664
0.742
0.674
0.842
0.868
0.744
0.706
0.736
0.718
0.816
0.816
0.816
0.792
0.792
0.712
0.78
0.866
0.854
0.748
0.736
0.784
0.834
0.882
0.808
0.866
0.826
0.686
0.762
0.782
0.806
0.788
0.858
0.844
0.784
0.84
0.804
0.776
0.782
0.812
0.808
0.798
0.824
0.9
0.684
0.818
0.756
0.764
0.702
0.762
0.754
0.796
0.806
0.754
0.864
0.752
0.884
0.636
0.832
0.73
0.75
0.818
0.678
0.586
0.722
0.766
0.81
0.72
0.758
0.85
0.756
0.708
0.85
0.84
0.718
0.796
0.878
0.664
0.818
0.762
0.8
0.804
0.836
0.912
0.82
0.786
0.602
0.78
0.826
0.748
0.76
0.834
0.846
0.92
0.804
0.78
0.756
0.934
0.852
0.83
0.712
0.716
0.774
0.836
0.726
0.788
0.84
0.796
0.888
0.68
0.722
0.824
0.738
0.65
0.722
0.732
0.818
0.774
0.84
0.822
0.782
0.716
0.682
0.744
0.71
0.718
0.878
0.824
0.658
0.786
0.782
0.848
0.788
0.744
0.812
0.716
0.718
0.81
0.836
0.838
0.75
0.746
0.75
0.864
0.724
0.702
0.598
0.732
0.84
0.866
0.852
0.654
0.68
0.794
0.828
0.844
0.732
0.828
0.722
0.836
0.906
0.818
0.754
0.792
0.86
0.862
0.884
0.764
0.822
0.908
0.818
0.734
0.772
0.806
0.716
0.77
0.828
0.902
0.828
0.794
0.83
0.642
0.79
0.63
0.9
0.778
0.878
0.736
0.73
0.81
0.862
0.81
0.682
0.734
0.722
0.764
0.848
0.812
0.688
0.74
0.816
0.824
0.748
0.896
0.784
0.8
0.788
0.724
0.88
0.864
0.6
0.76
0.816
0.724
0.752
0.788
0.852
0.728
0.792
0.748
0.788
0.76
0.84
0.856
0.832
0.84
0.768
0.856
0.768
0.748
0.816
0.852
0.884
0.808
0.664
0.852
0.744
0.78
0.696
0.776
0.776
0.864
0.804
0.796
0.836
0.732
0.864
0.82
0.772
0.9
0.832
0.72
0.692
0.752
0.796
0.82
0.756
0.792
0.74
0.708
0.824
0.776
0.82
0.732
0.752
0.748
0.8
0.872
0.892
0.848
0.82
0.856
0.78
0.844
0.756
0.872
0.696
0.8
0.736
0.804
0.748
0.792
0.756
0.8
0.828
0.76
0.788
0.82
0.868
0.732
0.716
0.66
0.736
0.712
0.884
0.596
0.684
0.776
0.864
0.756
0.784
0.88
0.752
0.828
0.728
0.744
0.748
0.688
0.892
0.792
0.868
0.74
0.876
0.924
0.796
0.788
0.728
0.732
0.684
0.812
0.752
0.772
0.72
0.792
0.752
0.864
0.728
0.844
0.8
0.684
0.84
0.824
0.864
0.604
0.772
0.752
0.656
0.636
0.876
0.7
0.744
0.648
0.792
0.708
0.748
0.836
0.848
0.804
0.616
0.7
0.792
0.7
0.776
0.612
0.908
0.652
0.812
0.764
0.784
0.72
0.824
0.704
0.764
0.78
0.744
0.804
0.76
0.676
0.756
0.752
0.568
0.896
0.756
0.856
0.812
0.684
0.824
0.808
0.84
0.676
0.856
0.844
0.74
0.812
0.804
0.728
0.664
0.82
0.76
0.712
0.88
0.752
0.788
0.74
0.884
0.684
0.816
0.76
0.784
0.896
0.828
0.748
0.76
0.732
0.772
0.872
0.844
0.724
0.532
0.776
0.824
0.8
0.92
0.704
0.596
0.828
0.776
0.724
0.868
0.632
0.88
0.788
0.784
0.712
0.872
0.728
0.812
0.748
0.816
0.828
0.788
0.64
0.812
0.708
0.944
0.788
0.808
0.768
0.672
0.756
0.848
0.808
0.728
0.788
0.72
0.772
0.82
0.784
0.72
0.672
0.84
0.76
0.844
0.796
0.732
0.852
0.828
0.7
0.752
0.856
0.756
0.696
0.848
0.556
0.744
0.804
0.712
0.7
0.752
0.76
0.796
0.872
0.692
0.88
0.768
0.868
0.62
0.748
0.772
0.924
0.828
0.808
0.652
0.764
0.78
0.772
0.736
0.864
0.616
0.752
0.808
0.696
0.848
0.608
0.892
0.9
0.812
0.8
0.792
0.688
0.764
0.708
0.844
0.824
0.736
0.712
0.792
0.84
0.688
0.852
0.864
0.796
0.864
0.848
0.696
0.52
0.792
0.76
0.788
0.832
0.656
0.78
0.676
0.74
0.692
0.752
0.772
0.832
0.72
0.756
0.768
0.684
0.776
0.716
0.868
0.716
0.748
0.724
0.72
0.756
0.784
0.704
0.728
0.72
0.668
0.716
0.684
0.756
0.84
0.644
0.752
0.84
0.724
0.756
0.744
0.732
0.756
0.688
0.724
0.784
0.772
0.732
0.756
0.772
0.76
0.716
0.72
0.716
0.728
0.8
0.6
0.696
0.768
0.772
0.784
0.732
0.688
0.804
0.628
0.7
0.76
0.744
0.716
0.62
0.732
0.744
0.624
0.736
0.684
0.772
0.7
0.656
0.796
