0.652
0.708
0.78
0.784
0.768
0.804
0.78
0.816
0.74
0.852
0.928
0.712
0.832
0.832
0.84
0.844
0.816
0.788
0.708
0.72
0.772
0.804
0.628
0.872
0.832
0.728
0.768
0.772
0.672
0.652
0.752
0.752
0.776
0.788
0.896
0.82
0.824
0.848
0.848
0.732
0.836
0.7
0.632
0.708
0.672
0.852
0.852
0.676
0.632
0.824
0.82
0.776
0.888
0.852
0.764
0.8
0.616
0.756
0.752
0.792
0.844
0.668
0.868
0.748
0.656
0.776
0.868
0.6
0.74
0.912
0.812
0.816
0.524
0.808
0.86
0.816
0.84
0.508
0.608
0.82
0.84
0.772
0.832
0.856
0.868
0.784
0.74
0.804
0.884
0.76
0.768
0.824
0.78
0.708
0.7
0.832
0.9
0.904
0.796
0.72
0.784
0.824
0.616
0.864
0.848
0.808
0.684
0.82
0.756
0.828
0.812
0.82
0.828
0.648
0.82
0.784
0.824
0.792
0.696
0.66
0.872
0.712
0.792
0.768
0.888
0.804
0.848
0.556
0.716
0.776
0.836
0.776
0.732
0.68
0.772
0.852
0.736
0.82
0.792
0.84
0.804
0.828
0.872
0.652
0.78
0.628
0.684
0.768
0.8
0.732
0.768
0.852
0.832
0.7
0.728
0.82
0.764
0.748
0.76
0.812
0.708
0.736
0.832
0.796
0.784
0.764
0.892
0.772
0.728
0.672
0.832
0.692
0.772
0.804
0.764
0.832
0.692
0.764
0.736
0.784
0.84
0.88
0.832
0.764
0.764
0.768
0.836
0.464
0.768
0.744
0.844
0.684
0.816
0.644
0.84
0.756
0.82
0.652
0.8
0.748
0.604
0.724
0.76
0.72
0.796
0.708
0.636
0.788
0.74
0.784
0.78
0.824
0.712
0.804
0.604
0.736
0.764
0.708
0.872
0.784
0.728
0.868
0.876
0.612
0.852
0.636
0.708
0.796
0.788
0.788
0.744
0.796
0.768
0.792
0.772
0.708
0.724
0.672
0.576
0.896
0.756
0.692
0.784
0.796
0.572
0.748
0.812
0.828
0.88
0.748
0.832
0.82
0.608
0.716
0.78
0.848
0.76
0.624
0.728
0.74
0.752
0.864
0.56
0.852
0.808
0.9
0.672
0.752
0.72
0.704
0.624
0.76
0.744
0.7
0.784
0.808
0.776
0.784
0.792
0.892
0.672
0.748
0.532
0.732
0.716
0.768
0.796
0.792
0.78
0.82
0.772
0.74
0.756
0.732
0.836
0.628
0.664
0.768
0.832
0.768
0.696
0.732
0.852
0.876
0.668
0.84
0.652
0.92
0.784
0.78
0.72
0.684
0.656
0.7
0.804
0.78
0.816
0.632
0.844
0.836
0.688
0.736
0.644
0.836
0.716
0.772
0.828
0.856
0.84
0.872
0.812
0.716
0.796
0.712
0.72
0.644
0.848
0.796
0.76
0.724
0.824
0.808
0.848
0.724
0.876
0.712
0.72
0.82
0.764
0.752
0.876
0.788
0.844
0.848
0.888
0.768
0.76
0.808
0.652
0.836
0.708
0.864
0.82
0.8
0.82
0.792
0.8
0.852
0.792
0.832
0.772
0.78
0.708
0.776
0.772
0.756
0.816
0.752
0.872
0.7
0.712
0.728
0.88
0.816
0.856
0.628
0.804
0.768
0.812
0.876
0.76
0.712
0.828
0.824
0.732
0.824
0.848
0.724
0.74
0.816
0.752
0.808
0.748
0.712
0.624
0.86
0.792
0.724
0.792
0.628
0.856
0.7
0.828
0.76
0.776
0.748
0.768
0.768
0.788
0.74
0.756
0.804
0.6
0.784
0.808
0.752
0.852
0.728
0.74
0.836
0.732
0.716
0.884
0.716
0.784
0.74
0.708
0.76
0.784
0.672
0.888
0.832
0.696
0.824
0.824
0.768
0.628
0.792
0.828
0.832
0.772
0.8
0.796
0.848
0.896
0.72
0.816
0.78
0.804
0.864
0.876
0.684
0.732
0.792
0.808
0.808
0.612
0.872
0.648
0.736
0.84
0.808
0.9
0.692
0.704
0.632
0.7
0.912
0.844
0.668
0.748
0.652
0.788
0.74
0.804
0.856
0.66
0.78
0.792
0.852
0.848
0.736
0.648
0.74
0.804
0.74
0.716
0.664
0.764
0.864
0.776
0.752
0.736
0.64
0.852
0.732
0.636
0.888
0.82
0.752
0.736
0.704
0.748
0.764
0.832
0.716
0.86
0.844
0.736
0.836
0.796
0.864
0.772
0.632
0.692
0.78
0.772
0.772
0.728
0.728
0.768
0.816
0.78
0.872
0.704
0.8
0.852
0.868
0.788
0.852
0.792
0.768
0.852
0.808
0.744
0.816
0.864
0.676
0.864
0.756
0.828
0.72
0.832
0.756
0.652
0.804
0.804
0.788
0.824
0.836
0.732
0.748
0.712
0.748
0.824
0.74
0.872
0.82
0.776
0.772
0.776
0.78
0.888
0.756
0.824
0.724
0.788
0.748
0.776
0.82
0.832
0.74
0.828
0.88
0.788
0.804
0.816
0.816
0.864
0.808
0.908
0.764
0.72
0.776
0.764
0.768
0.82
0.864
0.844
0.808
0.696
0.712
0.648
0.808
0.664
0.74
0.808
0.776
0.792
0.924
0.796
0.772
0.772
0.724
0.62
0.752
0.756
0.712
0.852
0.812
0.752
0.836
0.856
0.804
0.916
0.792
0.84
0.832
0.868
0.828
0.68
0.832
0.896
0.876
0.808
0.728
0.752
0.76
0.848
0.688
0.768
0.78
0.916
0.824
0.824
0.72
0.732
0.88
0.832
0.664
0.828
0.904
0.78
0.7
0.756
0.704
0.748
0.776
0.836
0.776
0.768
0.796
0.856
0.756
0.724
0.832
0.8
0.672
0.84
0.736
0.756
0.824
0.848
0.652
0.776
0.792
0.736
0.808
0.796
0.876
0.72
0.9
0.864
0.82
0.72
0.736
0.812
0.744
0.776
0.852
0.864
0.852
0.78
0.756
0.872
0.784
0.876
0.856
0.844
0.856
0.748
0.804
0.752
0.928
0.836
0.816
0.732
0.808
0.784
0.828
0.912
0.804
0.648
0.744
0.836
0.792
0.824
0.92
0.748
0.904
0.724
0.828
0.764
0.848
0.808
0.828
0.824
0.816
0.876
0.76
0.752
0.744
0.848
0.784
0.912
0.852
0.768
0.772
0.828
0.92
0.776
0.72
0.636
0.772
0.76
0.792
0.812
0.664
0.872
0.864
0.792
0.824
0.82
0.776
0.908
0.764
0.656
0.808
0.692
0.812
0.708
0.796
0.796
0.788
0.772
0.84
0.788
0.792
0.876
0.716
0.812
0.78
0.824
0.884
0.832
0.792
0.868
0.68
0.764
0.86
0.876
0.756
0.852
0.848
0.832
0.904
0.884
0.748
0.8
0.676
0.628
0.868
0.76
0.884
0.768
0.9
0.796
0.68
0.776
0.86
0.824
0.76
0.864
0.832
0.8
0.756
0.848
0.78
0.708
0.768
0.86
0.876
0.864
0.824
0.868
0.76
0.9
0.72
0.732
0.868
0.72
0.82
0.832
0.864
0.784
0.776
0.756
0.792
0.592
0.848
0.768
0.716
0.708
0.744
0.812
0.836
0.792
0.708
0.852
0.804
0.744
0.828
0.74
0.84
0.736
0.732
0.852
0.664
0.832
0.712
0.828
0.776
0.74
0.744
0.804
0.848
0.816
0.748
0.8
0.756
0.84
0.916
0.796
0.752
0.812
0.78
0.812
0.82
0.676
0.832
0.704
0.78
0.828
0.76
0.668
0.832
0.808
0.824
0.74
0.86
0.896
0.8
0.856
0.732
0.852
0.636
0.824
0.768
0.868
0.796
0.788
0.82
0.812
0.752
0.856
0.796
0.744
0.792
0.784
0.856
0.86
0.912
0.84
0.824
0.828
0.732
0.728
0.872
0.788
0.82
0.872
0.94
0.816
0.78
0.836
0.664
0.8
0.792
0.724
0.652
0.78
0.688
0.852
0.796
0.796
0.788
0.772
0.844
0.668
0.784
0.728
0.808
0.832
0.848
0.712
0.836
0.78
0.796
0.844
0.852
0.772
0.716
0.872
0.776
0.784
0.76
0.76
0.832
0.748
0.812
0.724
0.896
0.62
0.716
0.764
0.796
0.632
0.8
0.724
0.748
0.8
0.748
0.844
0.868
0.796
0.804
0.772
0.688
0.588
0.808
0.892
0.896
0.728
0.852
0.72
0.808
0.864
0.768
0.764
0.772
0.796
0.904
0.764
0.808
0.644
0.844
0.752
0.76
0.776
0.796
0.792
0.8
0.748
0.772
0.732
0.796
0.804
0.82
0.78
0.74
0.844
0.82
0.776
0.808
0.916
0.808
0.816
0.704
0.72
0.768
0.836
0.756
0.728
0.788
0.896
0.792
0.788
0.62
0.812
0.82
0.8
0.732
0.82
0.92
0.868
0.644
0.828
0.824
0.796
0.836
0.716
0.708
0.792
0.812
0.708
0.808
0.752
0.908
0.664
0.74
0.776
0.792
0.816
0.848
0.772
0.836
0.84
0.724
0.728
0.752
0.7
0.74
0.78
0.7
0.896
0.916
0.784
0.808
0.688
0.808
0.672
0.856
0.788
0.7
0.876
0.872
0.764
0.804
0.752
0.724
0.664
0.78
0.872
0.756
0.692
0.796
0.768
0.856
0.704
0.824
0.828
0.668
0.8
0.796
0.744
0.796
0.796
0.888
0.848
0.784
0.816
0.756
0.76
0.836
0.84
0.744
0.916
0.728
0.816
0.812
0.772
0.832
0.72
0.764
0.692
0.792
0.852
0.848
0.836
0.848
0.644
0.756
0.892
0.692
0.888
0.8
0.82
0.824
0.812
0.776
0.76
0.764
0.824
0.828
0.74
0.808
0.812
0.82
0.812
0.776
0.824
0.776
0.852
0.752
0.752
0.84
0.864
0.776
0.84
0.772
0.672
0.936
0.836
0.688
0.716
0.808
0.908
0.708
0.856
0.712
0.736
0.74
0.872
0.776
0.748
0.76
0.792
0.744
0.808
0.736
0.732
0.704
0.796
0.868
0.724
0.72
0.776
0.788
0.78
0.796
0.82
0.776
0.788
0.828
0.788
0.824
0.772
0.672
0.812
0.796
0.836
0.8
0.808
0.78
0.84
0.688
0.82
0.608
0.764
0.68
0.808
0.76
0.8
0.808
0.688
0.848
0.668
0.912
0.808
0.732
0.844
0.796
0.88
0.832
0.792
0.896
0.76
0.772
0.8
0.788
0.852
0.72
0.736
0.836
0.788
0.808
0.88
0.928
0.816
0.716
0.744
0.844
0.852
0.844
0.848
0.768
0.924
0.72
0.856
0.776
0.828
0.896
0.848
0.8
0.892
0.816
0.736
0.752
0.844
0.856
0.796
0.78
0.692
0.728
0.84
0.836
0.664
0.784
0.808
0.776
0.844
0.848
0.784
0.76
0.832
0.724
0.712
0.78
0.784
0.748
0.812
0.692
0.68
0.784
0.812
0.816
0.912
0.844
0.904
0.748
0.692
0.788
0.776
0.776
0.876
0.82
0.796
0.868
0.896
0.792
0.688
0.78
0.708
0.772
0.796
0.776
0.86
0.804
0.796
0.796
0.868
0.82
0.804
0.884
0.64
0.78
0.852
0.772
0.808
0.772
0.868
0.776
0.804
0.744
0.716
0.76
0.744
0.78
0.756
0.656
0.752
0.764
0.756
0.856
0.892
0.816
0.792
0.796
0.796
0.748
0.808
0.672
0.684
0.792
0.864
0.784
0.804
0.82
0.8
0.708
0.916
0.812
0.696
0.808
0.896
0.772
0.696
0.768
0.796
0.772
0.872
0.732
0.784
0.68
0.856
0.792
0.856
0.824
0.836
0.792
0.612
0.848
0.792
0.82
0.784
0.752
0.78
0.732
0.676
0.772
0.844
0.716
0.728
0.692
0.852
0.824
0.892
0.728
0.668
0.836
0.932
0.784
0.64
0.824
0.768
0.832
0.872
0.688
0.744
0.728
0.868
0.784
0.892
0.656
0.672
0.768
0.832
0.836
0.752
0.788
0.724
0.748
0.9
0.808
0.804
0.832
0.796
0.736
0.796
0.8
0.708
0.788
0.86
0.788
0.868
0.836
0.788
0.832
0.848
0.816
0.788
0.816
0.74
0.828
0.772
0.724
0.856
0.724
0.768
0.832
0.824
0.74
0.736
0.896
0.804
0.864
0.664
0.712
0.776
0.784
0.72
0.696
0.792
0.692
0.708
0.8
0.764
0.82
0.86
0.824
0.84
0.78
0.76
0.792
0.86
0.78
0.812
0.836
0.628
0.728
0.736
0.808
0.868
0.696
0.776
0.72
0.764
0.844
0.768
0.796
0.664
0.8
0.848
0.792
0.88
0.808
0.716
0.772
0.744
0.892
0.816
0.828
0.852
0.728
0.744
0.892
0.816
0.804
0.668
0.748
0.868
0.74
0.716
0.824
0.772
0.764
0.736
0.8
0.86
0.744
0.844
0.704
0.856
0.748
0.772
0.788
0.804
0.92
0.82
0.736
0.58
0.788
0.84
0.732
0.712
0.588
0.86
0.72
0.82
0.756
0.884
0.756
