0.816
0.784
0.746
0.724
0.758
0.768
0.768
0.728
0.784
0.802
0.724
0.73
0.716
0.768
0.856
0.834
0.86
0.864
0.8
0.758
0.852
0.798
0.856
0.782
0.886
0.884
0.816
0.782
0.626
0.858
0.706
0.802
0.794
0.718
0.822
0.884
0.88
0.806
0.736
0.806
0.818
0.82
0.86
0.812
0.792
0.8
0.82
0.878
0.752
0.85
0.812
0.806
0.8
0.83
0.746
0.804
0.82
0.758
0.854
0.818
0.716
0.676
0.75
0.758
0.706
0.55
0.656
0.736
0.732
0.594
0.658
0.824
0.796
0.686
0.82
0.846
0.794
0.726
0.79
0.836
0.784
0.756
0.82
0.822
0.8
0.83
0.712
0.722
0.64
0.634
0.818
0.796
0.764
0.644
0.824
0.78
0.784
0.596
0.834
0.682
0.692
0.846
0.846
0.74
0.902
0.788
0.74
0.818
0.76
0.862
0.776
0.788
0.78
0.79
0.864
0.842
0.69
0.822
0.876
0.822
0.74
0.748
0.904
0.756
0.802
0.8
0.768
0.704
0.828
0.752
0.726
0.712
0.824
0.854
0.874
0.796
0.832
0.746
0.738
0.768
0.626
0.742
0.8
0.748
0.834
0.704
0.9
0.888
0.764
0.784
0.852
0.902
0.79
0.774
0.552
0.72
0.79
0.884
0.738
0.852
0.792
0.662
0.722
0.776
0.704
0.692
0.752
0.702
0.726
0.912
0.772
0.738
0.782
0.806
0.81
0.81
0.672
0.764
0.734
0.862
0.864
0.712
0.878
0.736
0.874
0.806
0.82
0.802
0.784
0.826
0.69
0.676
0.748
0.556
0.834
0.822
0.71
0.816
0.836
0.744
0.774
0.878
0.638
0.898
0.82
0.666
0.816
0.916
0.814
0.682
0.894
0.806
0.802
0.758
0.834
0.798
0.746
0.8
0.728
0.798
0.616
0.824
0.544
0.808
0.726
0.798
0.8
0.782
0.796
0.794
0.866
0.854
0.826
0.774
0.676
0.776
0.79
0.704
0.86
0.848
0.838
0.738
0.774
0.784
0.848
0.634
0.792
0.804
0.794
0.8
0.804
0.84
0.736
0.89
0.704
0.68
0.76
0.692
0.7
0.802
0.762
0.772
0.734
0.674
0.622
0.768
0.768
0.732
0.738
0.848
0.722
0.882
0.802
0.784
0.726
0.856
0.856
0.884
0.848
0.846
0.816
0.898
0.81
0.906
0.73
0.848
0.73
0.514
0.682
0.786
0.82
0.86
0.782
0.762
0.822
0.72
0.716
0.764
0.714
0.75
0.826
0.704
0.784
0.688
0.932
0.69
0.592
0.69
0.744
0.78
0.804
0.706
0.812
0.722
0.866
0.746
0.826
0.742
0.824
0.92
0.742
0.726
0.732
0.81
0.768
0.852
0.686
0.744
0.818
0.812
0.65
0.866
0.822
0.782
0.678
0.786
0.854
0.792
0.864
0.834
0.818
0.74
0.766
0.804
0.826
0.716
0.692
0.856
0.844
0.768
0.804
0.782
0.72
0.834
0.812
0.866
0.778
0.794
0.776
0.73
0.722
0.896
0.782
0.892
0.718
0.786
0.688
0.728
0.656
0.838
0.842
0.762
0.718
0.788
0.872
0.81
0.766
0.7
0.852
0.848
0.752
0.796
0.768
0.654
0.81
0.814
0.694
0.822
0.812
0.68
0.794
0.826
0.768
0.698
0.742
0.764
0.778
0.806
0.716
0.846
0.784
0.712
0.824
0.782
0.8
0.764
0.912
0.792
0.79
0.848
0.828
0.666
0.716
0.71
0.832
0.85
0.834
0.668
0.854
0.722
0.7
0.768
0.748
0.908
0.724
0.792
0.808
0.732
0.866
0.684
0.7
0.794
0.844
0.818
0.918
0.72
0.792
0.858
0.846
0.746
0.734
0.806
0.796
0.738
0.766
0.78
0.722
0.748
0.696
0.744
0.76
0.68
0.758
0.824
0.92
0.666
0.814
0.81
0.692
0.796
0.834
0.784
0.736
0.802
0.834
0.788
0.79
0.656
0.932
0.692
0.79
0.752
0.742
0.722
0.654
0.704
0.72
0.67
0.828
0.688
0.682
0.754
0.794
0.656
0.688
0.856
0.796
0.626
0.738
0.774
0.82
0.822
0.756
0.776
0.714
0.902
0.79
0.836
0.826
0.776
0.726
0.906
0.726
0.832
0.784
0.87
0.82
0.758
0.77
0.762
0.654
0.758
0.632
0.804
0.83
0.848
0.728
0.808
0.74
0.658
0.744
0.718
0.804
0.75
0.694
0.774
0.796
0.722
0.856
0.808
0.774
0.702
0.81
0.834
0.842
0.692
0.72
0.758
0.752
0.866
0.736
0.918
0.634
0.802
0.792
0.76
0.794
0.828
0.646
0.828
0.796
0.83
0.798
0.816
0.744
0.796
0.798
0.822
0.748
0.808
0.678
0.712
0.748
0.8
0.766
0.724
0.866
0.692
0.8
0.646
0.786
0.69
0.848
0.718
0.754
0.6
0.748
0.682
0.708
0.766
0.88
0.77
0.748
0.716
0.736
0.842
0.826
0.714
0.796
0.67
0.744
0.824
0.62
0.786
0.666
0.846
0.746
0.742
0.698
0.724
0.706
0.828
0.836
0.746
0.856
0.784
0.76
0.79
0.626
0.674
0.806
0.798
0.736
0.834
0.776
0.748
0.794
0.766
0.744
0.66
0.842
0.802
0.794
0.776
0.758
0.738
0.64
0.66
0.782
0.734
0.702
0.692
0.826
0.702
0.758
0.766
0.734
0.786
0.764
0.766
0.878
0.778
0.724
0.778
0.766
0.72
0.818
0.8
0.784
0.75
0.762
0.754
0.816
0.794
0.77
0.728
0.694
0.752
0.842
0.74
0.796
0.806
0.762
0.78
0.758
0.738
0.724
0.842
0.856
0.744
0.754
0.76
0.86
0.75
0.752
0.822
0.696
0.61
0.744
0.694
0.658
0.766
0.794
0.626
0.782
0.734
0.754
0.754
0.788
0.818
0.816
0.668
0.748
0.682
0.72
0.786
0.84
0.704
0.828
0.744
0.85
0.778
0.788
0.678
0.746
0.732
0.668
0.718
0.806
0.688
0.764
0.734
0.79
0.838
0.774
0.774
0.812
0.69
0.78
0.77
0.768
0.772
0.728
0.702
0.67
0.75
0.868
0.618
0.776
0.726
0.746
0.808
0.758
0.758
0.704
0.684
0.722
0.754
0.77
0.736
0.738
0.618
0.824
0.752
0.784
0.648
0.796
0.746
0.762
0.858
0.686
0.736
0.668
0.786
0.76
0.634
0.856
0.73
0.722
0.902
0.752
0.842
0.266
0.31
0.25
0.812
0.834
0.832
0.784
0.818
0.78
0.818
0.87
0.828
0.8
0.82
0.748
0.816
0.658
0.602
0.806
0.72
0.794
0.7
0.79
0.64
0.82
0.838
0.8
0.736
0.808
0.808
0.756
0.788
0.81
0.784
0.818
0.806
0.748
0.836
0.694
0.682
0.626
0.858
0.702
0.808
0.816
0.804
0.81
0.732
0.836
0.828
0.814
0.734
0.782
0.828
0.834
0.796
0.832
0.784
0.822
0.82
0.2
0.826
0.722
0.822
0.76
0.806
0.7
0.83
0.822
0.83
0.644
0.806
0.826
0.824
0.71
0.838
0.712
0.82
0.79
0.828
0.808
0.824
0.834
0.894
0.806
0.892
0.724
0.792
0.828
0.79
0.75
0.798
0.734
0.704
0.824
0.79
0.866
0.78
0.748
0.798
0.658
0.776
0.764
0.798
0.746
0.798
0.702
0.774
0.824
0.826
0.826
0.698
0.82
0.878
0.786
0.892
0.686
0.85
0.85
0.802
0.748
0.812
0.69
0.764
0.68
0.794
0.752
0.748
0.802
0.672
0.746
0.706
0.82
0.78
0.796
0.804
0.826
0.746
0.728
0.814
0.722
0.808
0.814
0.692
0.82
0.764
0.836
0.82
0.876
0.786
0.878
0.778
0.814
0.748
0.746
0.844
0.808
0.688
0.874
0.818
0.788
0.834
0.868
0.772
0.75
0.778
0.826
0.794
0.606
0.738
0.618
0.83
0.832
0.666
0.822
0.802
0.764
0.784
0.78
0.746
0.782
0.796
0.732
0.882
0.708
0.798
0.808
0.698
0.732
0.834
0.818
0.804
0.79
0.834
0.708
0.822
0.764
0.768
0.77
0.746
0.702
0.642
0.59
0.824
0.816
0.818
0.64
0.758
0.762
0.662
0.756
0.854
0.776
0.744
0.65
0.76
0.624
0.872
0.836
0.768
0.696
0.862
0.806
0.744
0.746
0.79
0.726
0.644
0.838
0.758
0.746
0.672
0.768
0.898
0.802
0.596
0.848
0.734
0.792
0.82
0.712
0.754
0.804
0.864
0.854
0.596
0.782
0.814
0.756
0.72
0.726
0.824
0.754
0.68
0.924
0.9
0.774
0.762
0.828
0.688
0.764
0.77
0.784
0.78
0.752
0.78
0.794
0.834
0.656
0.802
0.828
0.72
0.784
0.81
0.888
0.838
0.798
0.794
0.874
0.802
0.762
0.79
0.768
0.842
0.832
0.784
0.748
0.758
0.834
0.742
0.672
0.82
0.782
0.764
0.856
0.704
0.8
0.722
0.85
0.8
0.776
0.724
0.688
0.656
0.854
0.844
0.754
0.812
0.834
0.81
0.812
0.862
0.816
0.722
0.756
0.792
0.784
0.794
0.79
0.796
0.71
0.736
0.828
0.7
0.81
0.744
0.77
0.882
0.676
0.83
0.824
0.796
0.744
0.92
0.76
0.858
0.788
0.882
0.732
0.87
0.88
0.82
0.824
0.842
0.822
0.742
0.858
0.748
0.83
0.76
0.848
0.85
0.69
0.762
0.762
0.736
0.77
0.776
0.784
0.756
0.62
0.76
0.912
0.73
0.76
0.85
0.89
0.78
0.69
0.684
0.772
0.744
0.83
0.828
0.812
0.812
0.844
0.768
0.812
0.696
0.89
0.892
0.804
0.76
0.8
0.692
0.824
0.722
0.864
0.76
0.752
0.696
0.774
0.758
0.78
0.798
0.664
0.834
0.724
0.798
0.794
0.732
0.804
0.662
0.78
0.222
0.662
0.822
0.81
0.766
0.822
0.798
0.798
0.828
0.828
0.76
0.766
0.82
0.838
0.866
0.738
0.77
0.83
0.864
0.868
0.818
0.784
0.798
0.804
0.758
0.752
0.702
0.71
0.858
0.878
0.856
0.816
0.798
0.746
0.868
0.646
0.854
0.82
0.84
0.794
0.768
0.82
0.758
0.856
0.832
0.768
0.736
0.774
0.816
0.838
0.766
0.808
0.818
0.826
0.816
0.682
0.812
0.808
0.828
0.756
0.84
0.69
0.816
0.62
0.72
0.738
0.696
0.748
0.778
0.866
0.764
0.722
0.784
0.744
0.694
0.826
0.77
0.662
0.792
0.732
0.852
0.798
0.868
0.772
0.848
0.83
0.894
0.842
0.848
0.756
0.874
0.828
0.834
0.786
0.73
0.72
0.768
0.826
0.62
0.494
0.766
0.542
0.774
0.81
0.836
0.904
0.768
0.794
0.836
0.792
0.842
0.79
0.668
0.858
0.878
0.814
0.746
0.758
0.87
0.63
0.778
0.7
0.814
0.806
0.846
0.838
0.834
0.9
0.872
0.762
0.798
0.802
0.746
0.73
0.752
0.79
0.858
0.612
0.8
0.766
0.776
0.694
0.804
0.848
0.818
0.932
0.784
0.856
0.75
0.714
0.902
0.694
0.768
0.734
0.824
0.752
0.682
0.716
0.852
0.782
0.674
0.82
0.8
0.75
0.636
0.816
0.766
0.814
0.852
0.782
0.778
0.692
0.734
0.776
0.71
0.824
0.826
0.824
0.736
0.832
0.858
0.834
0.76
0.698
0.804
0.782
0.748
0.762
0.748
0.828
0.692
0.764
0.776
0.818
0.802
0.788
0.896
0.846
0.774
0.814
0.74
0.822
0.798
0.808
0.734
0.792
0.672
0.804
0.644
0.864
0.756
0.72
0.736
0.64
0.778
0.776
0.858
0.798
0.782
0.764
0.706
0.762
0.698
0.78
0.788
0.714
0.794
0.874
0.81
0.822
0.838
0.746
0.852
0.758
0.856
0.808
0.864
0.886
0.742
0.802
0.836
0.732
0.644
0.802
0.89
0.664
0.812
0.766
0.78
0.724
0.79
0.69
0.852
0.836
0.846
0.772
0.822
0.748
0.778
0.72
0.702
0.794
0.74
0.73
0.648
0.744
0.65
0.876
0.68
0.746
0.742
0.754
0.874
0.866
0.872
0.824
0.686
0.882
0.802
0.764
0.808
0.728
0.834
0.768
0.768
0.7
0.796
0.678
0.808
0.85
0.818
0.794
0.744
0.762
0.866
0.708
0.762
0.756
0.81
0.868
0.81
0.842
0.934
0.838
0.85
0.792
0.792
0.722
0.784
0.772
0.846
0.83
0.822
0.784
0.88
0.78
0.788
0.806
0.86
0.708
0.754
0.794
0.688
0.818
0.856
0.726
0.848
0.86
0.808
0.802
0.852
0.866
0.87
0.758
0.844
0.742
0.774
0.758
0.574
0.766
0.736
0.704
0.824
0.86
0.658
0.762
0.8
0.844
0.806
0.798
0.772
0.864
0.934
0.844
0.794
0.734
0.686
0.692
0.892
0.712
0.772
0.804
0.898
0.696
0.824
0.716
0.792
0.808
0.742
0.652
0.804
0.732
0.766
0.882
0.852
0.832
0.846
0.816
0.8
0.768
0.748
0.76
0.804
0.732
0.836
0.68
0.842
0.89
0.764
0.8
0.886
0.748
0.71
0.7
0.8
0.67
0.83
0.878
0.812
0.76
0.724
0.742
0.772
0.79
0.796
0.86
0.692
0.82
0.852
0.77
0.802
0.724
0.848
0.862
0.81
0.61
0.77
0.742
0.71
0.782
0.74
0.784
0.816
0.788
0.674
0.84
0.818
0.762
0.664
0.798
0.722
0.736
0.796
0.75
0.88
0.772
0.924
0.774
0.786
0.636
0.778
0.764
0.784
0.75
0.7
0.72
0.726
0.776
0.878
0.81
0.74
0.792
0.82
0.758
0.764
0.756
0.802
0.714
0.8
0.9
0.8
0.64
0.778
0.72
0.824
0.868
0.822
0.766
0.744
0.67
0.736
0.778
0.664
0.734
0.828
0.722
0.774
0.84
0.744
0.652
0.626
0.84
0.744
0.814
0.762
0.732
0.708
0.834
0.824
0.788
0.692
0.816
0.786
0.676
0.746
0.762
0.702
0.874
0.91
0.76
0.834
0.688
0.802
0.742
0.856
0.78
0.854
0.828
0.754
0.646
0.716
0.776
0.724
0.83
0.778
0.756
0.674
0.814
0.772
0.836
0.688
0.79
0.802
0.778
0.86
0.722
0.798
0.754
0.642
0.758
0.848
0.806
0.814
0.808
0.752
0.824
0.732
0.824
0.81
0.776
0.758
0.742
0.782
0.79
0.674
0.664
0.772
0.856
0.828
0.836
0.808
0.496
0.86
0.62
0.866
0.776
0.716
0.82
0.856
0.736
0.828
0.728
0.78
0.792
0.774
0.722
0.782
0.76
0.804
0.768
0.53
0.914
0.628
0.828
0.808
0.82
0.75
0.71
0.684
0.458
0.772
0.874
0.62
0.818
0.8
0.548
0.84
0.71
0.874
0.582
0.686
0.77
0.84
0.61
0.8
0.638
0.786
0.704
0.594
0.8
0.858
0.534
0.784
0.87
0.666
0.64
0.69
0.634
0.7
0.814
0.78
0.804
0.756
0.784
0.7
0.622
0.822
0.86
0.844
0.582
0.76
0.516
0.72
0.742
0.67
0.796
0.81
0.58
0.7
0.658
0.79
0.586
0.83
0.672
0.76
0.632
0.568
0.84
0.776
0.834
0.69
0.59
0.738
0.548
0.71
0.912
0.73
0.752
0.72
0.758
0.752
0.74
0.678
0.798
0.69
0.494
0.776
0.74
0.578
0.784
0.842
0.558
0.74
0.72
0.75
0.778
0.636
0.844
0.82
0.722
0.546
0.724
0.64
0.728
0.818
0.69
0.846
0.834
0.6
0.78
0.78
0.77
0.768
0.83
0.846
0.79
0.91
0.694
0.86
0.78
0.604
0.77
0.73
0.61
0.78
0.772
0.73
0.75
0.656
0.66
0.782
0.762
0.616
0.83
0.796
0.626
0.652
0.774
0.76
0.6
0.838
0.51
0.558
0.58
0.814
0.77
0.568
0.664
0.822
0.87
0.644
0.622
0.748
0.762
0.72
0.54
0.69
0.764
0.734
0.814
0.69
0.532
0.67
0.584
0.686
0.728
0.442
0.886
0.492
0.848
0.43
0.63
0.646
0.8
0.638
0.58
0.774
0.64
0.844
0.574
0.764
0.678
0.66
0.726
0.746
0.668
0.562
0.804
0.664
0.786
0.622
0.482
0.798
0.568
0.84
0.658
0.814
0.706
0.812
0.756
0.852
0.756
0.776
0.78
0.764
0.804
0.732
0.826
0.844
0.834
0.714
0.816
0.768
0.812
0.768
0.75
0.852
0.788
0.708
0.848
0.752
0.69
0.714
0.816
0.904
0.808
0.726
0.804
0.922
0.848
0.79
0.718
0.846
0.758
0.752
0.858
0.812
0.7
0.694
0.67
0.856
0.788
0.772
0.684
0.792
0.762
0.76
0.782
0.798
0.794
0.74
0.814
0.646
0.69
0.766
0.818
0.774
0.76
0.756
0.786
0.774
0.83
0.794
0.748
0.73
0.848
0.744
0.688
0.758
0.828
0.81
0.73
0.7
0.854
0.8
0.804
0.742
0.76
0.786
0.666
0.762
0.654
0.794
0.838
0.698
0.802
0.784
0.77
0.798
0.854
0.764
0.852
0.92
0.756
0.728
0.768
0.726
0.712
0.8
0.796
0.728
0.748
0.668
0.8
0.656
0.68
0.79
0.826
0.74
0.728
0.772
0.772
0.72
0.728
0.732
0.7
0.744
0.78
0.78
0.7
0.748
0.756
0.812
0.688
0.792
0.744
0.728
0.76
0.756
0.772
0.76
0.736
0.724
0.732
0.744
0.616
0.696
0.728
0.732
0.748
0.728
0.684
0.728
0.78
0.804
0.768
0.72
0.736
0.756
0.704
0.744
0.776
0.76
0.764
0.672
0.792
0.704
0.82
0.72
0.776
0.808
0.736
0.76
0.78
0.748
0.676
0.804
0.764
0.704
0.768
0.704
0.74
0.748
0.644
0.676
0.72
0.684
0.756
0.768
0.66
0.752
0.724
0.704
0.748
0.748
0.772
0.62
0.78
0.736
0.676
0.756
0.768
0.488
0.712
0.7
0.72
0.692
0.692
0.72
0.632
0.736
0.732
0.616
0.796
0.732
0.756
0.676
0.716
0.712
0.748
0.604
0.776
0.7
0.668
0.72
0.768
0.664
0.724
0.716
0.716
0.636
0.7
0.788
0.712
0.76
0.772
0.72
0.668
0.716
0.744
0.644
0.78
0.748
0.624
0.756
0.78
0.728
0.724
0.796
0.724
0.7
0.7
0.604
0.536
0.624
0.596
0.644
0.656
0.548
0.708
0.672
0.656
0.74
0.708
0.568
0.58
0.616
0.668
0.664
0.62
0.692
0.656
0.748
0.632
0.7
0.648
0.78
0.688
0.744
0.66
0.572
0.688
0.672
0.632
0.696
0.664
0.696
0.7
0.72
0.632
0.632
0.768
0.612
0.496
0.748
0.604
0.628
0.692
0.66
0.652
0.672
0.692
0.744
0.66
0.672
0.696
0.62
0.72
0.576
0.708
0.592
0.74
0.708
0.604
0.628
0.604
0.608
0.708
0.608
0.796
0.712
0.664
0.632
0.632
0.768
0.66
0.72
0.74
0.564
0.716
0.624
0.672
0.656
0.676
0.604
0.636
0.552
0.584
0.6
0.588
0.62
0.672
0.544
0.504
0.632
0.532
0.528
0.544
0.512
0.504
0.552
0.552
0.496
0.512
0.692
0.68
0.576
0.58
0.452
0.648
0.648
0.572
0.592
0.58
0.6
0.652
0.616
0.64
0.568
0.6
0.624
0.592
0.664
0.556
0.576
0.64
0.512
0.532
0.608
0.596
0.64
0.628
0.544
0.656
0.548
0.556
0.588
0.544
0.476
0.472
0.524
0.564
0.612
0.536
0.532
0.512
0.6
0.552
0.616
0.588
0.608
0.548
0.588
0.516
0.516
0.56
0.596
0.484
0.616
0.612
0.584
0.6
0.592
0.636
0.556
0.536
0.452
0.56
0.584
0.644
0.66
0.568
0.628
0.548
0.624
0.476
0.592
0.588
0.536
0.556
0.564
0.636
0.624
