0.66
0.692
0.8
0.708
0.664
0.828
0.724
0.76
0.656
0.804
0.692
0.756
0.744
0.712
0.796
0.868
0.7
0.852
0.752
0.712
0.848
0.804
0.816
0.692
0.868
0.732
0.72
0.756
0.692
0.788
0.708
0.756
0.752
0.764
0.844
0.772
0.66
0.764
0.716
0.864
0.74
0.708
0.684
0.768
0.704
0.692
0.64
0.828
0.632
0.636
0.524
0.672
0.744
0.732
0.7
0.748
0.676
0.624
0.572
0.844
0.784
0.784
0.748
0.844
0.804
0.672
0.516
0.704
0.788
0.772
0.744
0.648
0.72
0.732
0.684
0.76
0.76
0.844
0.796
0.684
0.876
0.712
0.732
0.8
0.62
0.812
0.676
0.672
0.796
0.732
0.752
0.752
0.716
0.764
0.736
0.748
0.752
0.764
0.8
0.752
0.844
0.8
0.796
0.852
0.6
0.684
0.748
0.724
0.708
0.76
0.752
0.752
0.704
0.684
0.684
0.796
0.596
0.696
0.66
0.748
0.652
0.736
0.704
0.748
0.8
0.688
0.756
0.728
0.776
0.784
0.716
0.856
0.792
0.748
0.684
0.764
0.728
0.76
0.732
0.652
0.7
0.728
0.612
0.656
0.772
0.78
0.736
0.768
