0.768
0.728
0.832
0.896
0.856
0.816
0.824
0.824
0.744
0.548
0.824
0.736
0.832
0.856
0.928
0.824
0.696
0.752
0.736
0.872
0.744
0.604
0.784
0.836
0.748
0.776
0.86
0.832
0.776
0.7
0.72
0.768
0.84
0.888
0.808
0.844
0.916
0.708
0.644
0.832
0.72
0.792
0.692
0.624
0.856
0.74
0.748
0.812
0.804
0.68
0.652
0.824
0.812
0.868
0.848
0.808
0.932
0.892
0.86
0.76
0.816
0.916
0.828
0.836
0.72
0.82
0.904
0.856
0.776
0.712
0.8
0.704
0.752
0.812
0.792
0.736
0.82
0.88
0.76
0.772
0.82
0.796
0.684
0.768
0.828
0.736
0.76
0.784
0.676
0.78
0.696
0.752
0.68
0.824
0.86
0.792
0.8
0.684
0.784
0.772
0.792
0.82
0.588
0.732
0.784
0.716
0.748
0.724
0.868
0.792
0.832
0.732
0.836
0.784
0.868
0.72
0.692
0.832
0.84
0.776
0.788
0.716
0.876
0.832
0.612
0.644
0.828
0.756
0.868
0.86
0.824
0.816
0.668
0.88
0.728
0.832
0.752
0.788
0.612
0.844
0.924
0.748
0.832
0.708
0.744
0.732
0.828
0.796
0.88
0.572
0.8
0.856
0.844
0.904
0.816
0.756
0.692
0.808
0.732
0.872
0.744
0.716
0.696
0.9
0.78
0.772
0.832
0.82
0.7
0.756
0.696
0.72
0.788
0.904
0.752
0.872
0.764
0.864
0.864
0.92
0.708
0.788
0.7
0.688
0.764
0.748
0.736
0.88
0.764
0.844
0.792
0.676
0.732
0.708
0.848
0.88
0.728
0.736
0.864
0.812
0.732
0.808
0.788
0.8
0.836
0.736
0.748
0.688
0.748
0.808
0.78
0.66
0.884
0.768
0.644
0.8
0.832
0.768
0.9
0.716
0.744
0.684
0.816
0.728
0.8
0.884
0.724
0.792
0.72
0.712
0.712
0.832
0.768
0.708
0.772
0.712
0.824
0.844
0.712
0.852
0.848
0.72
0.688
0.8
0.748
0.852
0.664
0.808
0.74
0.796
0.792
0.804
0.876
0.888
0.74
0.812
0.868
0.712
0.924
0.804
0.788
0.828
0.8
0.804
0.864
0.676
0.844
0.584
0.844
0.736
0.696
0.792
0.732
0.908
0.864
0.84
0.736
0.852
0.656
0.736
0.768
0.828
0.78
0.824
0.588
0.724
0.768
0.756
0.768
0.732
0.824
0.732
0.712
0.832
0.548
0.792
0.796
0.808
0.804
0.836
0.768
0.772
