0.708
0.792
0.768
0.712
0.672
0.76
0.82
0.764
0.8
0.74
0.728
0.78
0.8
0.76
0.808
0.644
0.752
0.736
0.756
0.8
0.768
0.672
0.748
0.828
0.728
0.652
0.728
0.676
0.56
0.72
0.716
0.784
0.704
0.756
0.6
0.656
0.784
0.86
0.688
0.788
0.672
0.752
0.696
0.724
0.72
0.844
0.792
0.744
0.728
0.744
0.78
0.764
0.612
0.696
0.676
0.708
0.884
0.708
0.704
0.688
0.808
0.752
0.656
0.744
0.664
0.64
0.8
0.648
0.7
0.74
0.796
0.768
0.772
0.784
0.832
0.536
0.804
0.788
0.748
0.692
0.736
0.796
0.756
0.656
0.66
0.832
0.784
0.736
0.752
0.696
0.636
0.704
0.692
0.86
0.748
0.74
0.668
0.744
0.744
0.728
