0.632
0.784
0.62
0.636
0.656
0.716
0.644
0.716
0.728
0.656
0.756
0.724
0.808
0.656
0.72
0.604
0.66
0.684
0.772
0.592
0.728
0.768
0.688
0.712
0.716
0.72
0.788
0.664
0.716
0.744
0.812
0.712
0.764
0.864
0.804
0.696
0.872
0.788
0.76
0.856
0.796
0.736
0.736
0.736
0.64
0.704
0.784
0.872
0.788
0.872
0.888
0.948
0.88
0.792
0.872
0.764
0.752
0.74
0.748
0.728
0.756
0.72
0.792
0.688
0.788
0.84
0.78
0.8
0.856
0.836
0.724
0.824
0.768
0.656
0.912
0.728
0.772
0.844
0.812
0.828
0.7
0.868
0.736
0.668
0.732
0.716
0.86
0.864
0.756
0.952
0.74
0.82
0.744
0.724
0.632
0.888
0.62
0.728
0.848
0.656
0.628
0.772
0.76
0.836
0.716
0.796
0.848
0.716
0.896
0.836
0.812
0.808
0.828
0.788
0.896
0.812
0.768
0.86
0.768
0.9
0.776
0.764
0.748
0.84
0.604
0.876
0.78
0.796
