0.772
0.74
0.876
0.876
0.716
0.76
0.868
0.784
0.636
0.76
0.92
0.748
0.748
0.764
0.808
0.864
0.812
0.8
0.86
0.816
0.772
0.828
0.832
0.72
0.884
0.884
0.704
0.86
0.776
0.844
0.884
0.78
0.712
0.908
0.9
0.7
0.816
0.796
0.868
0.656
0.664
0.656
0.864
0.832
0.792
0.752
0.636
0.764
0.832
0.772
0.772
0.744
0.736
0.656
0.696
0.816
0.872
0.72
0.796
0.8
0.792
0.756
0.768
0.788
0.8
0.72
0.768
0.792
0.724
0.744
0.708
0.7
0.692
0.712
0.828
0.728
0.804
0.72
0.868
0.82
0.74
0.728
0.72
0.732
0.812
0.84
0.728
0.716
0.824
0.672
0.756
0.816
0.892
0.916
0.84
0.76
0.84
0.82
0.74
0.792
0.828
0.636
0.756
0.752
0.82
0.716
0.736
0.728
0.784
0.84
0.664
0.764
0.788
0.856
0.884
0.708
0.868
0.904
0.684
0.768
0.74
0.916
0.816
0.696
0.836
0.812
0.792
0.748
0.872
0.776
0.848
0.788
0.824
0.676
0.68
0.816
0.624
0.724
0.776
0.756
0.804
0.82
0.788
0.752
0.892
0.784
0.892
0.684
0.76
0.7
0.804
0.692
0.74
0.844
0.78
0.76
0.736
0.808
0.812
0.684
0.664
0.828
0.8
0.852
0.66
0.784
0.76
0.876
0.78
0.804
0.76
0.836
0.84
0.672
0.804
0.856
0.856
0.84
0.736
0.716
0.796
0.78
0.612
0.532
0.788
0.844
0.764
0.828
0.832
0.768
0.808
0.844
0.836
0.7
0.868
0.732
0.768
0.924
0.82
0.644
0.716
0.76
0.828
0.768
0.772
0.82
0.868
0.732
0.78
0.776
0.888
0.7
0.712
0.724
0.74
0.756
0.728
0.62
0.66
0.832
0.804
0.84
0.676
0.792
0.784
0.7
0.668
0.848
0.828
0.804
0.672
0.732
0.852
0.66
0.756
0.76
0.768
0.692
0.852
0.788
0.712
0.756
0.7
0.836
0.852
0.784
0.784
0.848
0.696
0.732
0.744
0.68
0.624
0.82
0.824
0.7
0.692
0.812
0.76
0.704
0.692
0.812
0.716
0.86
0.7
0.736
0.676
0.896
0.748
0.8
0.84
0.748
0.668
0.848
0.784
0.82
0.808
0.612
0.716
0.78
0.724
0.836
0.84
0.78
0.804
0.684
0.76
0.828
0.828
0.796
0.74
0.812
0.812
0.784
0.796
0.756
0.684
0.784
0.836
0.832
0.616
0.672
0.832
0.84
0.756
0.652
0.7
0.696
0.868
0.752
0.776
0.812
0.736
0.688
0.8
0.816
0.824
0.816
0.828
0.796
0.748
0.78
0.804
0.852
0.876
0.788
0.8
0.676
0.72
0.812
0.82
0.692
0.86
0.892
0.852
0.676
0.82
0.84
0.904
0.9
0.8
0.684
0.84
0.772
0.744
0.84
0.736
0.72
0.812
0.756
0.756
0.784
0.756
0.688
0.692
0.736
0.78
0.732
0.772
0.732
0.804
0.836
0.888
0.832
0.824
0.784
0.852
0.796
0.744
0.768
0.756
0.652
0.808
0.872
0.88
0.88
0.776
0.644
0.74
0.812
0.828
