0.696
0.696
0.724
0.76
0.712
0.736
0.86
0.72
0.82
0.648
0.752
0.792
0.728
0.684
0.74
0.74
0.812
0.812
0.724
0.796
0.744
0.692
0.644
0.832
0.8
0.72
0.844
0.692
0.748
0.768
0.604
0.788
0.828
0.856
0.596
0.62
0.7
0.7
0.64
0.748
0.708
0.648
0.652
0.764
0.588
0.704
0.752
0.772
0.824
0.768
0.688
0.788
0.8
0.88
0.684
0.796
0.78
0.696
0.676
0.62
0.712
0.788
0.76
0.82
0.712
0.704
0.736
0.748
0.772
0.656
0.82
0.84
0.664
0.756
0.632
0.78
0.756
0.816
0.716
0.748
0.684
0.684
0.7
0.588
0.864
0.76
0.764
0.7
0.712
0.728
0.676
0.72
0.836
0.796
0.7
0.76
0.68
0.864
0.64
0.796
0.652
