0.81
0.84
0.76
0.84
0.75
0.78
0.66
0.57
0.84
0.81
0.81
0.84
0.71
0.89
0.8
0.82
0.79
0.62
0.75
0.75
0.74
0.8
0.85
0.63
0.69
0.76
0.84
0.85
0.75
0.66
0.88
0.73
0.76
0.74
0.8
0.69
0.72
0.74
0.71
0.8
0.64
0.79
0.74
0.77
0.73
0.83
0.79
0.84
0.78
0.79
0.74
0.65
0.75
0.71
0.77
0.82
0.64
0.62
0.9
0.74
0.7
0.73
0.76
0.85
0.77
0.64
0.64
0.84
0.65
0.67
0.81
0.86
0.7
0.73
0.81
0.8
0.84
0.71
0.71
0.84
0.57
0.87
0.7
0.92
0.84
0.76
0.87
0.74
0.82
0.77
0.8
0.78
0.7
0.9
0.79
0.81
0.68
0.88
0.85
0.93
0.75
0.68
0.71
0.8
0.53
0.76
0.68
0.76
0.74
0.84
0.64
0.89
0.73
0.75
0.64
0.75
0.93
0.54
0.84
0.91
0.69
0.57
0.88
0.61
0.7
0.68
0.84
0.68
0.9
0.74
0.76
0.6
0.83
0.72
0.84
0.74
0.8
0.63
0.76
0.7
0.77
0.62
0.78
0.65
0.84
0.72
0.73
0.6
0.74
0.61
0.69
0.85
0.72
0.74
0.66
0.56
0.6
0.66
0.7
0.75
0.49
0.72
0.82
0.72
0.76
0.71
0.57
0.59
0.66
0.64
0.67
0.61
0.54
0.67
0.65
0.63
0.62
0.7
0.63
0.48
0.86
0.58
0.6
0.71
0.68
0.41
0.51
0.89
0.49
0.57
0.89
0.53
0.55
0.64
0.81
0.55
0.58
0.49
0.81
0.49
0.64
0.73
0.54
0.59
0.53
0.52
0.48
0.5
0.58
0.58
0.6
0.59
0.46
0.44
0.56
0.55
0.54
0.49
0.57
0.47
0.51
0.63
0.68
0.6
0.4
0.59
0.53
0.57
0.56
0.54
0.54
0.51
0.5
0.59
0.42
0.54
0.44
0.44
0.48
0.5
0.5
0.63
0.52
0.59
0.54
0.57
0.51
0.59
0.33
0.52
0.31
0.46
0.43
0.43
0.6
0.44
0.59
0.64
0.55
0.64
0.55
0.51
0.53
0.55
0.63
0.46
0.58
0.61
0.65
0.43
0.5
0.57
0.53
