0.676
0.764
0.784
0.656
0.748
0.688
0.7
0.716
0.832
0.524
0.688
0.672
0.688
0.748
0.76
0.616
0.752
0.668
0.74
0.82
0.668
0.696
0.792
0.74
0.736
0.64
0.764
0.796
0.704
0.684
0.676
0.656
0.7
0.8
0.66
0.636
0.636
0.652
0.596
0.796
0.784
0.768
0.88
0.728
0.516
0.8
0.796
0.828
0.784
0.704
0.804
0.74
0.66
0.756
0.764
0.684
0.752
0.6
0.64
0.904
0.784
0.668
0.768
0.64
0.7
0.756
0.736
0.748
0.744
0.744
0.748
0.66
0.596
0.668
0.7
0.516
0.74
0.724
0.696
0.844
0.724
0.848
0.74
0.724
0.792
0.852
0.728
0.668
0.692
0.784
0.836
0.624
0.644
0.572
0.7
0.728
0.728
0.7
0.776
0.784
0.736
0.888
0.72
0.796
0.872
0.712
0.756
0.7
0.696
0.756
0.832
0.788
0.764
0.78
0.772
0.628
0.724
0.612
0.748
0.788
0.816
0.772
0.824
0.728
0.724
0.852
0.656
0.648
0.74
0.804
0.736
0.636
0.696
0.816
0.628
0.7
0.688
0.728
0.776
0.792
0.552
0.892
0.768
0.804
0.756
0.752
0.728
0.768
0.68
0.76
0.832
0.724
0.768
0.696
0.656
0.7
0.792
0.624
0.848
0.664
0.788
0.852
0.812
0.676
0.692
0.736
0.656
0.688
0.792
0.752
0.728
0.772
0.736
0.76
0.688
0.664
0.808
0.836
0.644
0.584
0.688
0.652
0.7
0.716
0.74
0.74
0.792
0.736
0.88
0.768
0.728
0.684
0.692
0.628
