0.672
0.656
0.616
0.644
0.764
0.732
0.744
0.808
0.796
0.692
0.852
0.852
0.84
0.796
0.792
0.812
0.848
0.932
0.816
0.812
0.752
0.804
0.888
0.732
0.796
0.824
0.764
0.728
0.728
0.752
0.716
0.772
0.672
0.788
0.688
0.748
0.828
0.876
0.892
0.896
0.804
0.824
0.876
0.68
0.656
0.736
0.852
0.744
0.852
0.696
0.864
0.768
0.808
0.78
0.736
0.848
0.828
0.76
0.808
0.748
0.764
0.832
0.768
0.82
0.704
0.744
0.864
0.732
0.692
0.868
0.848
0.82
0.8
0.82
0.844
0.74
0.776
0.864
0.728
0.808
0.848
0.864
0.892
0.812
0.704
0.744
0.844
0.828
0.696
0.74
0.784
0.832
0.708
0.772
0.768
0.744
0.776
0.732
0.764
0.824
0.616
0.696
0.864
0.852
0.936
0.756
0.736
0.716
0.74
0.844
0.768
0.712
0.812
0.78
0.792
0.744
0.796
0.832
0.756
0.76
0.82
0.796
0.676
0.876
0.784
0.884
0.828
0.804
0.696
0.912
0.716
0.86
0.82
0.792
0.688
0.84
0.792
0.716
0.8
0.772
0.792
0.856
0.776
0.7
0.808
0.784
0.8
0.78
0.816
0.784
0.8
0.78
0.808
0.828
0.768
0.748
0.692
0.812
0.812
0.784
0.7
0.752
0.768
0.768
0.748
0.888
0.836
0.86
0.784
0.752
0.82
0.848
0.724
0.836
0.612
0.776
0.824
0.792
0.804
0.86
0.708
0.768
0.688
0.808
0.676
0.824
0.816
0.644
0.832
0.768
0.912
0.876
0.864
0.8
0.796
0.852
0.848
0.876
0.744
0.844
0.824
0.796
0.844
0.804
0.724
0.912
0.636
0.696
0.708
0.612
0.704
0.772
0.644
0.636
0.72
0.724
0.408
0.572
0.732
0.744
0.448
0.696
0.772
0.732
0.672
0.564
0.736
0.668
0.804
0.684
0.804
0.748
0.916
0.764
0.632
0.672
0.776
0.792
0.82
0.616
0.712
0.748
0.848
0.672
0.752
0.752
0.784
0.588
0.868
0.636
0.632
0.732
0.684
0.748
0.748
0.84
0.788
0.768
0.764
0.74
0.808
0.784
0.664
0.82
0.768
0.708
0.752
0.716
0.68
0.768
0.748
0.748
0.724
0.76
0.868
0.764
0.88
0.772
0.78
0.744
0.868
0.852
0.748
0.872
0.836
0.784
0.672
0.736
0.724
0.848
0.708
0.644
0.636
0.776
0.792
0.676
0.784
0.744
0.736
0.744
0.768
0.644
0.744
0.8
0.68
0.792
0.74
0.856
0.808
0.82
0.772
0.736
0.816
0.7
0.7
0.8
0.768
0.912
0.82
0.78
0.824
0.86
0.84
0.7
0.78
0.812
0.776
0.784
0.808
0.784
0.756
0.728
0.74
0.744
0.748
0.84
0.776
0.76
0.764
0.848
0.804
0.784
0.904
0.796
0.704
0.84
0.82
0.78
0.804
0.82
0.864
0.784
0.868
0.664
0.732
0.82
0.752
0.84
0.844
0.712
0.776
0.908
0.78
0.72
0.88
0.74
0.832
0.824
0.776
0.74
0.696
0.788
0.832
0.716
0.84
0.744
0.784
0.828
0.728
0.912
0.856
0.632
0.732
0.676
0.896
0.896
0.756
0.856
0.612
0.736
0.876
0.912
0.82
0.776
0.852
0.74
0.68
0.888
0.792
0.824
0.8
0.752
0.764
0.82
0.828
0.632
0.812
0.712
0.888
0.808
0.868
0.808
0.712
0.788
0.772
0.836
0.752
0.684
0.684
0.848
0.832
0.836
0.812
0.712
0.812
0.752
0.8
0.804
0.688
0.712
0.692
0.732
0.836
