0.58
0.712
0.608
0.536
0.672
0.64
0.7
0.652
0.636
0.624
0.648
0.864
0.72
0.672
0.7
0.76
0.688
0.448
0.54
0.584
0.728
0.64
0.64
0.624
0.696
0.636
0.692
0.776
0.612
0.592
0.54
0.664
0.628
0.656
0.572
0.66
0.716
0.664
0.696
0.656
0.656
0.736
0.716
0.772
0.644
0.784
0.552
0.756
0.696
0.652
0.58
0.624
0.596
0.7
0.696
0.76
0.528
0.7
0.756
0.696
0.52
0.672
0.636
0.572
0.608
0.692
0.624
0.712
0.588
0.68
0.62
0.66
0.708
0.596
0.608
0.704
0.728
0.688
0.764
0.704
0.608
0.7
0.608
0.74
0.688
0.652
0.752
0.52
0.58
0.596
0.66
0.568
0.684
0.768
0.66
0.76
0.652
0.648
0.592
0.688
0.68
0.796
0.608
0.808
0.576
0.664
0.644
0.6
0.476
0.492
0.632
0.66
0.764
0.668
0.584
0.636
0.436
0.648
0.724
0.508
0.636
0.636
0.808
0.556
0.584
0.648
0.576
0.708
0.636
0.56
0.68
0.556
0.648
0.608
0.64
0.6
0.796
0.612
0.712
0.56
0.628
0.724
0.572
0.632
0.772
0.684
0.636
0.816
0.728
0.776
0.716
0.544
0.48
0.536
0.832
0.552
0.612
0.736
0.688
0.848
0.904
0.736
0.86
0.784
0.648
0.72
0.876
0.732
0.752
0.564
0.72
0.836
0.636
0.748
0.764
0.812
0.68
0.672
0.716
0.688
0.876
0.74
0.688
0.684
0.784
0.68
0.684
0.716
0.684
0.76
0.616
0.836
0.688
0.788
0.868
0.792
0.708
0.676
0.66
0.684
0.608
0.692
0.608
0.692
0.684
0.576
0.664
0.632
0.692
0.804
0.788
0.724
0.724
0.68
0.752
0.772
0.628
0.884
0.76
0.792
0.752
0.656
0.776
0.788
0.768
0.796
0.74
0.82
0.828
0.732
0.744
0.852
0.6
0.696
0.788
0.632
0.724
0.784
0.832
0.764
0.796
0.84
0.712
0.824
0.74
0.772
0.768
0.8
0.724
0.86
0.724
0.644
0.604
0.804
0.864
0.736
0.704
0.668
0.712
0.76
0.708
0.608
0.732
0.788
0.74
0.68
0.84
0.652
0.824
0.68
0.768
0.72
0.74
0.82
0.772
0.732
0.9
0.832
0.784
0.76
0.804
0.784
0.692
0.764
0.772
0.708
0.724
0.824
0.684
0.68
0.708
0.7
0.756
0.684
0.652
0.8
0.816
0.716
0.748
0.648
0.78
0.804
0.82
0.712
0.82
0.776
0.648
0.748
0.784
0.796
0.74
0.64
0.72
0.816
0.828
0.72
0.836
0.792
0.744
0.8
0.888
0.824
0.748
0.72
0.764
0.764
0.736
0.708
0.784
0.736
0.676
0.684
0.692
0.904
0.872
0.924
0.736
0.764
0.748
0.804
0.784
0.808
0.764
0.788
0.724
0.716
0.556
0.74
0.736
0.712
0.804
0.78
0.728
0.68
0.668
0.78
0.736
0.704
0.648
0.736
0.744
0.688
0.668
0.728
0.708
0.64
0.688
0.66
0.756
0.684
0.792
0.684
0.708
0.736
0.828
0.856
0.636
0.64
0.796
0.812
0.644
0.716
0.68
0.776
0.748
0.732
0.812
0.808
0.752
0.744
0.704
0.768
0.688
0.728
0.748
0.724
0.796
0.704
0.76
0.584
0.82
0.772
0.776
0.628
0.716
0.604
0.744
0.72
0.708
0.76
0.772
